date,location,opponent,result,score,team_score,opp_score,game_score_diff,game_win_loss,game_id,AB,R,H,2B,3B,HR,RBI,BB,K,SB,CS,HBP,SF,SH,TB,XBH,HDP,GO,FO,GO/FO,PA,season,njcaa_season,njcaa_division,team,team_id,player_id,player_name
Feb 15,home,Holmes,L,12-7,12,7,5.0,win,20140215_wkro,1,1,0,,,,0,3,1,1,,,,,0,0,,,,,4,2014,2013-14,div1,Lake Land,lakelandcollege,darrensaundersqdkl,Darren Saunders
Feb 15,home,Southeastern,L,8-0,8,0,8.0,win,,,,,,,,,,,,,,,,,,,,,,,2014,2013-14,div1,Lake Land,lakelandcollege,darrensaundersqdkl,Darren Saunders
Feb 16,home,Southeastern,L,5-2,5,2,3.0,win,20140216_h4do,3,0,0,,,,0,,1,,,,,,0,0,,,,,3,2014,2013-14,div1,Lake Land,lakelandcollege,darrensaundersqdkl,Darren Saunders
Feb 16,home,Southwest Tennessee,L,8-3,8,3,5.0,win,20140216_aman,3,0,1,,1,,1,,,,,,,,3,1,,,,,3,2014,2013-14,div1,Lake Land,lakelandcollege,darrensaundersqdkl,Darren Saunders
Feb 21,home,Northwest Mississippi,W,3-2,3,2,1.0,win,20140221_od4r,3,1,1,,,1,2,,1,,,,,,4,1,,,1,,3,2014,2013-14,div1,Lake Land,lakelandcollege,darrensaundersqdkl,Darren Saunders
Feb 21,home,Northwest Mississippi,L,11-1,11,1,10.0,win,20140221_w8wf,2,0,0,,,,0,,1,,,,,,0,0,,1,,,2,2014,2013-14,div1,Lake Land,lakelandcollege,darrensaundersqdkl,Darren Saunders
Feb 22,home,Itawamba,L,12-4,12,4,8.0,win,20140222_eymp,2,1,1,,,,0,1,,,,,,,1,0,,,,,3,2014,2013-14,div1,Lake Land,lakelandcollege,darrensaundersqdkl,Darren Saunders
Feb 22,home,Itawamba,L,5-3,5,3,2.0,win,20140222_o37x,2,1,1,,,,1,2,,,,,,,1,0,,,,,4,2014,2013-14,div1,Lake Land,lakelandcollege,darrensaundersqdkl,Darren Saunders
Feb 23,home,Northeast Mississippi,L,11-10,11,10,1.0,win,20140223_0rzl,2,2,0,,,,0,2,1,,1,,,,0,0,,,,,4,2014,2013-14,div1,Lake Land,lakelandcollege,darrensaundersqdkl,Darren Saunders
Feb 23,home,Northeast Mississippi,L,15-14,15,14,1.0,win,20140223_liya,4,2,2,1,,,1,1,,,,,,,3,1,,,,,5,2014,2013-14,div1,Lake Land,lakelandcollege,darrensaundersqdkl,Darren Saunders
Mar 1,home,Vincennes,W,4-0,4,0,4.0,win,20140301_kj1i,5,0,0,,,,0,,2,,,,,,0,0,,,,,5,2014,2013-14,div1,Lake Land,lakelandcollege,darrensaundersqdkl,Darren Saunders
Mar 1,home,Triton,,,,,4.0,win,,,,,,,,,,,,,,,,,,,,,,,2014,2013-14,div1,Lake Land,lakelandcollege,darrensaundersqdkl,Darren Saunders
Mar 4,home,Heartland,,,,,4.0,win,,,,,,,,,,,,,,,,,,,,,,,2014,2013-14,div1,Lake Land,lakelandcollege,darrensaundersqdkl,Darren Saunders
Mar 4,home,Heartland,,,,,4.0,win,,,,,,,,,,,,,,,,,,,,,,,2014,2013-14,div1,Lake Land,lakelandcollege,darrensaundersqdkl,Darren Saunders
Mar 4,home,Heartland,,,,,4.0,win,,,,,,,,,,,,,,,,,,,,,,,2014,2013-14,div1,Lake Land,lakelandcollege,darrensaundersqdkl,Darren Saunders
Mar 4,home,Heartland,,,,,4.0,win,,,,,,,,,,,,,,,,,,,,,,,2014,2013-14,div1,Lake Land,lakelandcollege,darrensaundersqdkl,Darren Saunders
Mar 9,home,Southwestern Illinois,W,8-5,8,5,3.0,win,20140309_arqr,3,0,0,,,,1,,1,,,,1,,0,0,,1,1,1.00,4,2014,2013-14,div1,Lake Land,lakelandcollege,darrensaundersqdkl,Darren Saunders
Mar 10,home,Southwestern Illinois,W,13-3,13,3,10.0,win,20140310_1flh,5,1,2,1,,,3,,1,,,,,,3,1,,,2,,5,2014,2013-14,div1,Lake Land,lakelandcollege,darrensaundersqdkl,Darren Saunders
Mar 10,home,Southwestern Illinois,W,2-1,2,1,1.0,win,20140310_lbxz,4,1,2,,,1,1,,,,,,,,5,1,,1,1,1.00,4,2014,2013-14,div1,Lake Land,lakelandcollege,darrensaundersqdkl,Darren Saunders
Mar 11,home,Rose Hulman,W,5-0,5,0,5.0,win,20140311_fnx8,4,2,2,1,,,0,,2,,,,,,3,1,,,,,4,2014,2013-14,div1,Lake Land,lakelandcollege,darrensaundersqdkl,Darren Saunders
Mar 12,home,Robert Morris,,,,,5.0,win,,,,,,,,,,,,,,,,,,,,,,,2014,2013-14,div1,Lake Land,lakelandcollege,darrensaundersqdkl,Darren Saunders
Mar 12,home,Robert Morris,,,,,5.0,win,,,,,,,,,,,,,,,,,,,,,,,2014,2013-14,div1,Lake Land,lakelandcollege,darrensaundersqdkl,Darren Saunders
Mar 12,home,Robert Morris,,,,,5.0,win,,,,,,,,,,,,,,,,,,,,,,,2014,2013-14,div1,Lake Land,lakelandcollege,darrensaundersqdkl,Darren Saunders
Mar 12,home,Robert Morris,,,,,5.0,win,,,,,,,,,,,,,,,,,,,,,,,2014,2013-14,div1,Lake Land,lakelandcollege,darrensaundersqdkl,Darren Saunders
Mar 14,home,Kaskaskia,W,5-3,5,3,2.0,win,20140314_f569,4,0,1,1,,,1,,,,,,,,2,1,,,,,4,2014,2013-14,div1,Lake Land,lakelandcollege,darrensaundersqdkl,Darren Saunders
Mar 15,home,Kaskaskia,L,9-2,9,2,7.0,win,20140315_0tke,4,0,1,,,,1,,1,,,,,,1,0,,,,,4,2014,2013-14,div1,Lake Land,lakelandcollege,darrensaundersqdkl,Darren Saunders
Mar 15,home,Kaskaskia,L,17-4,17,4,13.0,win,20140315_l1if,2,1,1,,,,1,1,1,,,,,,1,0,,,,,3,2014,2013-14,div1,Lake Land,lakelandcollege,darrensaundersqdkl,Darren Saunders
Mar 20,home,Olney Central,L,12-10,12,10,2.0,win,20140320_hzr9,4,1,1,,,,0,1,1,,,,,,1,0,,,,,5,2014,2013-14,div1,Lake Land,lakelandcollege,darrensaundersqdkl,Darren Saunders
Mar 22,home,Olney Central,L,10-4,10,4,6.0,win,20140322_awul,4,1,2,1,,,1,,,,,,,,3,1,,,,,4,2014,2013-14,div1,Lake Land,lakelandcollege,darrensaundersqdkl,Darren Saunders
Mar 22,home,Olney Central,W,3-2,3,2,1.0,win,20140322_rumx,4,0,0,,,,0,,1,,,,,,0,0,,,,,4,2014,2013-14,div1,Lake Land,lakelandcollege,darrensaundersqdkl,Darren Saunders
Mar 26,home,Lincoln Trail,L,11-1,11,1,10.0,win,20140326_zsd0,3,0,0,,,,0,1,1,,,,,,0,0,,,,,4,2014,2013-14,div1,Lake Land,lakelandcollege,darrensaundersqdkl,Darren Saunders
Mar 28,home,Wabash Valley,W,4-3,4,3,1.0,win,20140328_mqk9,4,1,2,,,,0,1,2,,,,,,2,0,,,,,5,2014,2013-14,div1,Lake Land,lakelandcollege,darrensaundersqdkl,Darren Saunders
Mar 31,home,Wabash Valley,L,18-6,18,6,12.0,win,20140331_07rb,4,0,2,,,,1,1,2,,,,,,2,0,,,,,5,2014,2013-14,div1,Lake Land,lakelandcollege,darrensaundersqdkl,Darren Saunders
Mar 31,home,Wabash Valley,L,11-1,11,1,10.0,win,20140331_g0oi,2,0,0,,,,0,,1,,,,,,0,0,,,,,2,2014,2013-14,div1,Lake Land,lakelandcollege,darrensaundersqdkl,Darren Saunders
Apr 3,home,Rend Lake,W,6-2,6,2,4.0,win,,,,,,,,,,,,,,,,,,,,,,,2014,2013-14,div1,Lake Land,lakelandcollege,darrensaundersqdkl,Darren Saunders
Apr 6,home,Rend Lake,L,7-5,7,5,2.0,win,,,,,,,,,,,,,,,,,,,,,,,2014,2013-14,div1,Lake Land,lakelandcollege,darrensaundersqdkl,Darren Saunders
Apr 6,home,Rend Lake,L,7-2,7,2,5.0,win,,,,,,,,,,,,,,,,,,,,,,,2014,2013-14,div1,Lake Land,lakelandcollege,darrensaundersqdkl,Darren Saunders
Apr 9,home,Lincoln Trail,W,4-2,4,2,2.0,win,20140409_iuij,3,0,1,,,,1,1,1,,,,,,1,0,,,,,4,2014,2013-14,div1,Lake Land,lakelandcollege,darrensaundersqdkl,Darren Saunders
Apr 9,home,Lincoln Trail,W,10-0,10,0,10.0,win,20140409_83ld,4,0,1,,,,1,,1,,,,,,1,0,,,,,4,2014,2013-14,div1,Lake Land,lakelandcollege,darrensaundersqdkl,Darren Saunders
Apr 10,home,Southeastern Illinois,W,17-7,17,7,10.0,win,20140410_zj8c,4,4,3,1,,,2,,,,,,,,4,1,,,,,4,2014,2013-14,div1,Lake Land,lakelandcollege,darrensaundersqdkl,Darren Saunders
Apr 12,home,Southeastern Illinois,L,23-18,23,18,5.0,win,20140412_035m,5,3,1,,,,0,,,1,,1,,,1,0,,,,,6,2014,2013-14,div1,Lake Land,lakelandcollege,darrensaundersqdkl,Darren Saunders
Apr 12,home,Southeastern Illinois,W,10-7,10,7,3.0,win,20140412_sms4,3,2,1,,,,0,1,,,,,,,1,0,,,,,4,2014,2013-14,div1,Lake Land,lakelandcollege,darrensaundersqdkl,Darren Saunders
Apr 15,home,Kankakee,W,10-9,10,9,1.0,win,20140415_n1ui,3,1,2,,,,1,,,,,,,,2,0,,,,,3,2014,2013-14,div1,Lake Land,lakelandcollege,darrensaundersqdkl,Darren Saunders
Apr 17,home,John A. Logan,L,10-4,10,4,6.0,win,20140417_7k6b,3,0,0,,,,1,,,,1,,1,,0,0,,,,,4,2014,2013-14,div1,Lake Land,lakelandcollege,darrensaundersqdkl,Darren Saunders
Apr 18,home,John A. Logan,W,6-5,6,5,1.0,win,20140418_tynz,3,1,2,1,,,1,2,,1,,,,,3,1,,,,,5,2014,2013-14,div1,Lake Land,lakelandcollege,darrensaundersqdkl,Darren Saunders
Apr 18,home,John A. Logan,L,4-0,4,0,4.0,win,20140418_kp41,3,0,0,,,,0,,1,,,,,,0,0,,,,,3,2014,2013-14,div1,Lake Land,lakelandcollege,darrensaundersqdkl,Darren Saunders
Apr 22,home,St. Louis,L,16-2,16,2,14.0,win,20140422_hcqk,2,0,1,,,,1,,,,,,,,1,0,,,,,2,2014,2013-14,div1,Lake Land,lakelandcollege,darrensaundersqdkl,Darren Saunders
Apr 24,home,Shawnee,W,10-7,10,7,3.0,win,20140424_aid0,4,2,2,,,1,1,1,,,,,,,5,1,,,,,5,2014,2013-14,div1,Lake Land,lakelandcollege,darrensaundersqdkl,Darren Saunders
Apr 26,home,Shawnee,W,10-3,10,3,7.0,win,20140426_o5b5,5,0,1,1,,,1,,1,,,,,,2,1,,,,,5,2014,2013-14,div1,Lake Land,lakelandcollege,darrensaundersqdkl,Darren Saunders
Apr 26,home,Shawnee,W,10-1,10,1,9.0,win,20140426_hpu2,4,1,1,1,,,0,,,1,,,,,2,1,,,,,4,2014,2013-14,div1,Lake Land,lakelandcollege,darrensaundersqdkl,Darren Saunders
Apr 30,home,Parkland,W,10-7,10,7,3.0,win,20140430_xlv4,4,1,1,1,,,0,1,1,,,,,,2,1,,,,,5,2014,2013-14,div1,Lake Land,lakelandcollege,darrensaundersqdkl,Darren Saunders
May 3,home,John A. Logan,L,7-4,7,4,3.0,win,20140503_mphg,5,0,2,,,,1,,1,,,,,,2,0,,,,,5,2014,2013-14,div1,Lake Land,lakelandcollege,darrensaundersqdkl,Darren Saunders
May 3,home,John A. Logan,L,11-1,11,1,10.0,win,20140503_kjby,3,0,0,,,,0,,,,,,,,0,0,,,,,3,2014,2013-14,div1,Lake Land,lakelandcollege,darrensaundersqdkl,Darren Saunders
