date,location,opponent,result,score,team_score,opp_score,game_score_diff,game_win_loss,game_id,AB,R,H,2B,3B,HR,RBI,BB,K,SB,CS,HBP,SF,SH,TB,XBH,HDP,GO,FO,GO/FO,PA,season,njcaa_season,njcaa_division,team,team_id,player_id,player_name
Jan 31,home,Salt Lake,W,3-2,3,2,1.0,win,20140131_30jg,4,0,1,,,,0,,,1,,,,,1,0,,2,1,2.00,4,2014,2013-14,div1,Yavapai,yavapaicollege,brodycliffordu4x4,Brody Clifford
Jan 31,home,Southern Nevada,L,6-1,6,1,5.0,win,20140131_vfqc,4,0,3,1,,,1,1,,,,,,,4,1,,1,,,5,2014,2013-14,div1,Yavapai,yavapaicollege,brodycliffordu4x4,Brody Clifford
Feb 1,home,Colorado Northwestern,W,16-5,16,5,11.0,win,20140201_81bu,3,1,1,,,,1,,,2,,,1,,1,0,,,3,,4,2014,2013-14,div1,Yavapai,yavapaicollege,brodycliffordu4x4,Brody Clifford
Feb 1,home,Southern Nevada,W,9-7,9,7,2.0,win,20140201_fhjo,4,1,1,,,,0,1,,1,,,,,1,0,,3,,,5,2014,2013-14,div1,Yavapai,yavapaicollege,brodycliffordu4x4,Brody Clifford
Feb 11,home,Glendale,W,13-7,13,7,6.0,win,20140211_htjw,5,2,1,,,,0,,1,1,,1,,,1,0,,,,,6,2014,2013-14,div1,Yavapai,yavapaicollege,brodycliffordu4x4,Brody Clifford
Feb 12,home,Salt Lake,L,4-3,4,3,1.0,win,20140212_0qw7,3,1,1,1,,,1,,,,,,,,2,1,,,,,3,2014,2013-14,div1,Yavapai,yavapaicollege,brodycliffordu4x4,Brody Clifford
Feb 12,home,Salt Lake,L,10-5,10,5,5.0,win,20140212_2yhj,5,0,3,2,,,2,,,,,,,,5,2,,1,1,1.00,5,2014,2013-14,div1,Yavapai,yavapaicollege,brodycliffordu4x4,Brody Clifford
Feb 15,home,South Mountain,L,7-4,7,4,3.0,win,20140215_1td3,3,0,0,,,,0,,,,1,,,,0,0,,,,,3,2014,2013-14,div1,Yavapai,yavapaicollege,brodycliffordu4x4,Brody Clifford
Feb 15,home,South Mountain,L,11-6,11,6,5.0,win,20140215_38e1,5,0,2,1,,,1,,,,,,,,3,1,,,,,5,2014,2013-14,div1,Yavapai,yavapaicollege,brodycliffordu4x4,Brody Clifford
Feb 17,home,Scottsdale,L,16-6,16,6,10.0,win,20140217_68ps,1,0,0,,,,0,3,,,,1,,,0,0,,,,,5,2014,2013-14,div1,Yavapai,yavapaicollege,brodycliffordu4x4,Brody Clifford
Feb 18,home,Scottsdale,L,5-3,5,3,2.0,win,20140218_fjrj,1,0,0,,,,0,1,,,,2,,,0,0,,,,,4,2014,2013-14,div1,Yavapai,yavapaicollege,brodycliffordu4x4,Brody Clifford
Feb 19,home,Thompson-Rivers,W,18-4,18,4,14.0,win,20140219_mapt,3,1,2,1,,,2,1,,,,1,,,3,1,,,,,5,2014,2013-14,div1,Yavapai,yavapaicollege,brodycliffordu4x4,Brody Clifford
Feb 19,home,Thompson-Rivers,W,9-2,9,2,7.0,win,20140219_14yn,4,2,1,1,,,1,,1,1,,,,,2,1,,,,,4,2014,2013-14,div1,Yavapai,yavapaicollege,brodycliffordu4x4,Brody Clifford
Feb 22,home,Chandler-Gilbert,L,2-1,2,1,1.0,win,20140222_yk5a,3,0,1,,,,0,,,,,,,,1,0,,,,,3,2014,2013-14,div1,Yavapai,yavapaicollege,brodycliffordu4x4,Brody Clifford
Feb 22,home,Chandler-Gilbert,W,5-0,5,0,5.0,win,20140222_frpj,3,0,0,,,,0,1,3,,,,,,0,0,,,,,4,2014,2013-14,div1,Yavapai,yavapaicollege,brodycliffordu4x4,Brody Clifford
Feb 25,home,Mesa,L,7-1,7,1,6.0,win,20140225_mxwo,3,0,2,1,,,0,,1,,,,,,3,1,,,,,3,2014,2013-14,div1,Yavapai,yavapaicollege,brodycliffordu4x4,Brody Clifford
Feb 25,home,Mesa,L,8-7,8,7,1.0,win,20140225_g77z,4,1,1,,,,0,,2,,,,,1,1,0,,,,,5,2014,2013-14,div1,Yavapai,yavapaicollege,brodycliffordu4x4,Brody Clifford
Mar 1,home,Cochise,W,6-1,6,1,5.0,win,20140301_qwzp,4,1,2,1,,,0,,1,,,,,,3,1,,,,,4,2014,2013-14,div1,Yavapai,yavapaicollege,brodycliffordu4x4,Brody Clifford
Mar 1,home,Cochise,W,7-6,7,6,1.0,win,20140301_7sb3,5,1,2,1,,,1,,,1,,,,,3,1,,,,,5,2014,2013-14,div1,Yavapai,yavapaicollege,brodycliffordu4x4,Brody Clifford
Mar 4,home,Arizona Western,W,7-1,7,1,6.0,win,20140304_tzak,3,1,2,,,,0,,,1,1,,,,2,0,,,,,3,2014,2013-14,div1,Yavapai,yavapaicollege,brodycliffordu4x4,Brody Clifford
Mar 4,home,Arizona Western,W,7-1,7,1,6.0,win,20140304_dtuh,4,2,3,2,,,0,,,1,,,,,5,2,,,,,4,2014,2013-14,div1,Yavapai,yavapaicollege,brodycliffordu4x4,Brody Clifford
Mar 8,home,Pima,W,2-0,2,0,2.0,win,20140308_23c6,4,0,1,,,,0,,,,,,,,1,0,,,,,4,2014,2013-14,div1,Yavapai,yavapaicollege,brodycliffordu4x4,Brody Clifford
Mar 8,home,Pima,L,9-0,9,0,9.0,win,20140308_7grr,2,0,0,,,,0,1,,,1,,,,0,0,,,,,3,2014,2013-14,div1,Yavapai,yavapaicollege,brodycliffordu4x4,Brody Clifford
Mar 11,home,ProTrain,W,20-4,20,4,16.0,win,20140311_72yb,3,2,1,1,,,1,1,1,,,,,,2,1,,,,,4,2014,2013-14,div1,Yavapai,yavapaicollege,brodycliffordu4x4,Brody Clifford
Mar 12,home,Douglas College,W,12-2,12,2,10.0,win,20140312_t43p,5,1,2,,1,,3,,1,,,,,,4,1,,,,,5,2014,2013-14,div1,Yavapai,yavapaicollege,brodycliffordu4x4,Brody Clifford
Mar 12,home,Williston State,W,19-1,19,1,18.0,win,20140312_7kgb,4,1,0,,,,0,,2,,,,,,0,0,,,,,4,2014,2013-14,div1,Yavapai,yavapaicollege,brodycliffordu4x4,Brody Clifford
Mar 14,home,Northeastern Oklahoma A&M,L,7-5,7,5,2.0,win,20140314_rjad,5,1,1,,1,,0,,,,,1,,,3,1,,,,,6,2014,2013-14,div1,Yavapai,yavapaicollege,brodycliffordu4x4,Brody Clifford
Mar 15,home,Northeastern,W,7-4,7,4,3.0,win,20140315_wjf7,4,1,2,1,,,0,,,1,,,,,3,1,,,,,4,2014,2013-14,div1,Yavapai,yavapaicollege,brodycliffordu4x4,Brody Clifford
Mar 15,home,Western Nebraska,W,9-8,9,8,1.0,win,20140315_e5rc,5,2,2,,1,,2,,,1,,,,,4,1,,,,,5,2014,2013-14,div1,Yavapai,yavapaicollege,brodycliffordu4x4,Brody Clifford
Mar 18,home,Eastern Arizona,W,11-4,11,4,7.0,win,20140318_dfsx,3,1,1,,,,2,1,,,,1,,,1,0,,,,,5,2014,2013-14,div1,Yavapai,yavapaicollege,brodycliffordu4x4,Brody Clifford
Mar 18,home,Eastern Arizona,W,24-4,24,4,20.0,win,20140318_6qkf,3,2,1,,,,1,1,,,,,1,,1,0,,,,,5,2014,2013-14,div1,Yavapai,yavapaicollege,brodycliffordu4x4,Brody Clifford
Mar 22,home,Phoenix,L,1-0,1,0,1.0,win,20140322_fh0c,3,0,0,,,,0,,,,,,,,0,0,,,,,3,2014,2013-14,div1,Yavapai,yavapaicollege,brodycliffordu4x4,Brody Clifford
Mar 22,home,Phoenix,W,8-6,8,6,2.0,win,20140322_icxu,5,1,1,1,,,2,,,,,,,,2,1,,,,,5,2014,2013-14,div1,Yavapai,yavapaicollege,brodycliffordu4x4,Brody Clifford
Mar 25,home,Paradise Valley,L,9-4,9,4,5.0,win,20140325_z4v5,3,1,2,1,,,1,,,,,,,,3,1,,,,,3,2014,2013-14,div1,Yavapai,yavapaicollege,brodycliffordu4x4,Brody Clifford
Mar 25,home,Paradise Valley,L,18-7,18,7,11.0,win,20140325_6ya1,4,1,2,1,,,0,,,,,,,,3,1,,,,,4,2014,2013-14,div1,Yavapai,yavapaicollege,brodycliffordu4x4,Brody Clifford
Mar 29,home,Glendale,L,8-1,8,1,7.0,win,20140329_oek2,3,0,1,,,,1,,,,,,,,1,0,,,,,3,2014,2013-14,div1,Yavapai,yavapaicollege,brodycliffordu4x4,Brody Clifford
Mar 29,home,Glendale,W,12-11,12,11,1.0,win,20140329_pbuf,5,1,2,1,,,3,,1,,,1,,,3,1,,,,,6,2014,2013-14,div1,Yavapai,yavapaicollege,brodycliffordu4x4,Brody Clifford
Apr 1,home,Central Arizona,L,8-0,8,0,8.0,win,20140401_i9nk,3,0,1,1,,,0,,1,,,,,,2,1,,,,,3,2014,2013-14,div1,Yavapai,yavapaicollege,brodycliffordu4x4,Brody Clifford
Apr 1,home,Central Arizona,L,18-4,18,4,14.0,win,20140401_etd1,4,0,2,,,,0,,,,,,,,2,0,,,,,4,2014,2013-14,div1,Yavapai,yavapaicollege,brodycliffordu4x4,Brody Clifford
Apr 5,home,Cochise,W,7-1,7,1,6.0,win,20140405_i6sb,4,0,1,,,,1,,,,,,,,1,0,,,,,4,2014,2013-14,div1,Yavapai,yavapaicollege,brodycliffordu4x4,Brody Clifford
Apr 5,home,Cochise,L,14-11,14,11,3.0,win,20140405_fvav,4,1,1,,,,2,1,,,,,,,1,0,,,,,5,2014,2013-14,div1,Yavapai,yavapaicollege,brodycliffordu4x4,Brody Clifford
Apr 8,home,Arizona Western,W,4-0,4,0,4.0,win,20140408_uz1x,4,0,1,,,,1,,,,,,,,1,0,,,,,4,2014,2013-14,div1,Yavapai,yavapaicollege,brodycliffordu4x4,Brody Clifford
Apr 8,home,Arizona Western,L,11-8,11,8,3.0,win,20140408_cuba,3,1,0,,,,0,2,,,,,,,0,0,,,,,5,2014,2013-14,div1,Yavapai,yavapaicollege,brodycliffordu4x4,Brody Clifford
Apr 12,home,Pima,W,4-3,4,3,1.0,win,20140412_yon4,3,0,1,,,,1,1,1,,,,,,1,0,,,,,4,2014,2013-14,div1,Yavapai,yavapaicollege,brodycliffordu4x4,Brody Clifford
Apr 12,home,Pima,L,13-2,13,2,11.0,win,20140412_opgf,3,0,0,,,,0,,1,,,,,,0,0,,,,,3,2014,2013-14,div1,Yavapai,yavapaicollege,brodycliffordu4x4,Brody Clifford
Apr 15,home,GateWay (AZ),L,9-1,9,1,8.0,win,20140415_9978,3,0,1,,,,0,1,,,,,,,1,0,,,,,4,2014,2013-14,div1,Yavapai,yavapaicollege,brodycliffordu4x4,Brody Clifford
Apr 15,home,GateWay (AZ),L,6-5,6,5,1.0,win,20140415_xskm,5,0,1,1,,,0,,1,,,,,,2,1,,,,,5,2014,2013-14,div1,Yavapai,yavapaicollege,brodycliffordu4x4,Brody Clifford
Apr 19,home,Central Arizona,L,4-2,4,2,2.0,win,20140419_76ic,3,0,1,,,,0,1,,,,,,,1,0,,,,,4,2014,2013-14,div1,Yavapai,yavapaicollege,brodycliffordu4x4,Brody Clifford
Apr 19,home,Central Arizona,L,6-1,6,1,5.0,win,20140419_2wf6,4,0,2,1,,,0,,1,,,,,,3,1,,,,,4,2014,2013-14,div1,Yavapai,yavapaicollege,brodycliffordu4x4,Brody Clifford
Apr 22,home,South Mountain,W,7-6,7,6,1.0,win,20140422_3dxe,3,1,0,,,,0,1,1,,,,,,0,0,,,,,4,2014,2013-14,div1,Yavapai,yavapaicollege,brodycliffordu4x4,Brody Clifford
Apr 22,home,South Mountain,W,8-4,8,4,4.0,win,20140422_3fyp,4,1,0,,,,0,1,,,,,,,0,0,,,,,5,2014,2013-14,div1,Yavapai,yavapaicollege,brodycliffordu4x4,Brody Clifford
Apr 26,home,Eastern Arizona,T,0-0,0,0,0.0,tie,,,,,,,,,,,,,,,,,,,,,,,2014,2013-14,div1,Yavapai,yavapaicollege,brodycliffordu4x4,Brody Clifford
Apr 26,home,Eastern Arizona,T,0-0,0,0,0.0,tie,,,,,,,,,,,,,,,,,,,,,,,2014,2013-14,div1,Yavapai,yavapaicollege,brodycliffordu4x4,Brody Clifford
Apr 26,home,Eastern Arizona,T,0-0,0,0,0.0,tie,,,,,,,,,,,,,,,,,,,,,,,2014,2013-14,div1,Yavapai,yavapaicollege,brodycliffordu4x4,Brody Clifford
Apr 26,home,Eastern Arizona,T,0-0,0,0,0.0,tie,,,,,,,,,,,,,,,,,,,,,,,2014,2013-14,div1,Yavapai,yavapaicollege,brodycliffordu4x4,Brody Clifford
