date,location,opponent,result,score,team_score,opp_score,game_score_diff,game_win_loss,game_id,AB,R,H,2B,3B,HR,RBI,BB,K,SB,CS,HBP,SF,SH,TB,XBH,HDP,GO,FO,GO/FO,PA,season,njcaa_season,njcaa_division,team,team_id,player_id,player_name
Mar 16,home,Bronx,W,7-3,7,3,4.0,win,20150316_q5x1,4,1,1,,,1,3,,1,,,,,,4,1,,,,,4,2015,2014-15,div3,Tompkins Cortland,tompkinscortlandcommunitycollege,malikfogggqx9,Malik Fogg
Mar 17,home,Queensborough,L,12-1,12,1,11.0,win,20150317_fzlv,1,0,1,,,,0,2,,,,,,,1,0,,,,,3,2015,2014-15,div3,Tompkins Cortland,tompkinscortlandcommunitycollege,malikfogggqx9,Malik Fogg
Mar 17,home,Queensborough,W,10-1,10,1,9.0,win,20150317_4g1u,3,3,3,2,,1,3,1,,2,,,,,8,3,,,,,4,2015,2014-15,div3,Tompkins Cortland,tompkinscortlandcommunitycollege,malikfogggqx9,Malik Fogg
Mar 18,home,Globe Tech,W,9-8,9,8,1.0,win,20150318_1ej1,3,2,1,,,,0,1,1,,,,,,1,0,,,,,4,2015,2014-15,div3,Tompkins Cortland,tompkinscortlandcommunitycollege,malikfogggqx9,Malik Fogg
Mar 18,home,Globe Tech,W,15-6,15,6,9.0,win,20150318_bd21,3,3,3,,,1,2,,,,,,,,6,1,,,,,3,2015,2014-15,div3,Tompkins Cortland,tompkinscortlandcommunitycollege,malikfogggqx9,Malik Fogg
Mar 19,home,Borough of Manhattan,W,22-5,22,5,17.0,win,20150319_o18r,4,3,3,,1,1,6,1,,,,,,,8,2,,,,,5,2015,2014-15,div3,Tompkins Cortland,tompkinscortlandcommunitycollege,malikfogggqx9,Malik Fogg
Mar 19,home,Borough of Manhattan,W,14-2,14,2,12.0,win,20150319_pfsz,3,2,2,,,1,4,1,,,,,,,5,1,,,,,4,2015,2014-15,div3,Tompkins Cortland,tompkinscortlandcommunitycollege,malikfogggqx9,Malik Fogg
Apr 1,home,Monroe CC,L,10-0,10,0,10.0,win,20150401_cu73,2,0,0,,,,0,,1,,,,,,0,0,,1,,,2,2015,2014-15,div3,Tompkins Cortland,tompkinscortlandcommunitycollege,malikfogggqx9,Malik Fogg
Apr 1,home,Monroe CC,L,3-2,3,2,1.0,win,20150401_jscs,3,0,2,1,,,0,,1,,,,,,3,1,,,,,3,2015,2014-15,div3,Tompkins Cortland,tompkinscortlandcommunitycollege,malikfogggqx9,Malik Fogg
Apr 7,home,Onondaga,L,13-0,13,0,13.0,win,20150407_drss,3,0,0,,,,0,,2,,,,,,0,0,,,1,,3,2015,2014-15,div3,Tompkins Cortland,tompkinscortlandcommunitycollege,malikfogggqx9,Malik Fogg
Apr 7,home,Onondaga,L,5-2,5,2,3.0,win,20150407_6uqu,2,1,1,,,1,1,1,1,,,,,,4,1,,,,,3,2015,2014-15,div3,Tompkins Cortland,tompkinscortlandcommunitycollege,malikfogggqx9,Malik Fogg
Apr 9,home,Onondaga,W,4-3,4,3,1.0,win,20150409_t6le,3,1,1,,,,1,,,,,,,,1,0,,,2,,3,2015,2014-15,div3,Tompkins Cortland,tompkinscortlandcommunitycollege,malikfogggqx9,Malik Fogg
Apr 9,home,Onondaga,L,22-5,22,5,17.0,win,20150409_4dsf,3,2,0,,,,0,,,,,,,,0,0,,,1,,3,2015,2014-15,div3,Tompkins Cortland,tompkinscortlandcommunitycollege,malikfogggqx9,Malik Fogg
Apr 11,home,Corning,,,,,17.0,win,,,,,,,,,,,,,,,,,,,,,,,2015,2014-15,div3,Tompkins Cortland,tompkinscortlandcommunitycollege,malikfogggqx9,Malik Fogg
Apr 11,home,Corning,,,,,17.0,win,,,,,,,,,,,,,,,,,,,,,,,2015,2014-15,div3,Tompkins Cortland,tompkinscortlandcommunitycollege,malikfogggqx9,Malik Fogg
Apr 11,home,Corning,,,,,17.0,win,,,,,,,,,,,,,,,,,,,,,,,2015,2014-15,div3,Tompkins Cortland,tompkinscortlandcommunitycollege,malikfogggqx9,Malik Fogg
Apr 11,home,Corning,,,,,17.0,win,,,,,,,,,,,,,,,,,,,,,,,2015,2014-15,div3,Tompkins Cortland,tompkinscortlandcommunitycollege,malikfogggqx9,Malik Fogg
Apr 12,home,Corning,W,4-1,4,1,3.0,win,20150412_6g6s,3,0,1,,,,0,,1,,1,,,,1,0,,,,,3,2015,2014-15,div3,Tompkins Cortland,tompkinscortlandcommunitycollege,malikfogggqx9,Malik Fogg
Apr 12,home,Corning,L,6-2,6,2,4.0,win,20150412_yphf,3,1,1,,,1,2,,2,,,,,,4,1,,,,,3,2015,2014-15,div3,Tompkins Cortland,tompkinscortlandcommunitycollege,malikfogggqx9,Malik Fogg
Apr 14,home,SUNY Broome,W,15-5,15,5,10.0,win,20150414_pu5o,5,3,4,4,,,5,,,,,,,,8,4,,,,,5,2015,2014-15,div3,Tompkins Cortland,tompkinscortlandcommunitycollege,malikfogggqx9,Malik Fogg
Apr 14,home,SUNY Broome,W,10-5,10,5,5.0,win,20150414_4n4e,3,2,2,,,,1,1,,,,,,,2,0,,,,,4,2015,2014-15,div3,Tompkins Cortland,tompkinscortlandcommunitycollege,malikfogggqx9,Malik Fogg
Apr 16,home,SUNY Broome,W,13-2,13,2,11.0,win,20150416_tkcg,3,3,3,,,1,4,1,,,,,,,6,1,,,,,4,2015,2014-15,div3,Tompkins Cortland,tompkinscortlandcommunitycollege,malikfogggqx9,Malik Fogg
Apr 16,home,SUNY Broome,W,13-10,13,10,3.0,win,20150416_nme9,3,2,2,1,,1,2,1,,,,,,,6,2,,,,,4,2015,2014-15,div3,Tompkins Cortland,tompkinscortlandcommunitycollege,malikfogggqx9,Malik Fogg
Apr 18,home,Erie,L,12-3,12,3,9.0,win,,,,,,,,,,,,,,,,,,,,,,,2015,2014-15,div3,Tompkins Cortland,tompkinscortlandcommunitycollege,malikfogggqx9,Malik Fogg
Apr 18,home,Erie,L,10-3,10,3,7.0,win,20150418_bmh7,3,1,1,,,,0,1,,,,,,,1,0,,,,,4,2015,2014-15,div3,Tompkins Cortland,tompkinscortlandcommunitycollege,malikfogggqx9,Malik Fogg
Apr 19,home,Erie,L,6-3,6,3,3.0,win,20150419_u45g,3,1,2,,,,0,,1,1,,,,,2,0,,,,,3,2015,2014-15,div3,Tompkins Cortland,tompkinscortlandcommunitycollege,malikfogggqx9,Malik Fogg
Apr 19,home,Erie,L,6-2,6,2,4.0,win,20150419_0cuu,3,0,0,,,,0,,1,,,,,,0,0,,,,,3,2015,2014-15,div3,Tompkins Cortland,tompkinscortlandcommunitycollege,malikfogggqx9,Malik Fogg
Apr 21,home,Jamestown,L,12-5,12,5,7.0,win,20150421_4lrv,3,0,1,,,,0,1,,,,,,,1,0,,,,,4,2015,2014-15,div3,Tompkins Cortland,tompkinscortlandcommunitycollege,malikfogggqx9,Malik Fogg
Apr 25,home,Niagara County,L,2-1,2,1,1.0,win,20150425_hr5x,3,0,1,,,,0,,2,,,,,,1,0,,,,,3,2015,2014-15,div3,Tompkins Cortland,tompkinscortlandcommunitycollege,malikfogggqx9,Malik Fogg
Apr 25,home,Niagara County,L,13-3,13,3,10.0,win,20150425_3ix5,3,1,2,1,,,0,,,,,,,,3,1,,,,,3,2015,2014-15,div3,Tompkins Cortland,tompkinscortlandcommunitycollege,malikfogggqx9,Malik Fogg
Apr 26,home,Niagara County,L,7-2,7,2,5.0,win,20150426_ycup,3,0,0,,,,0,,,,,,,,0,0,,,,,3,2015,2014-15,div3,Tompkins Cortland,tompkinscortlandcommunitycollege,malikfogggqx9,Malik Fogg
Apr 26,home,Niagara County,W,5-4,5,4,1.0,win,20150426_p1on,3,1,1,,,,1,1,,,,,,,1,0,,,,,4,2015,2014-15,div3,Tompkins Cortland,tompkinscortlandcommunitycollege,malikfogggqx9,Malik Fogg
Apr 28,home,Finger Lakes,L,12-8,12,8,4.0,win,20150428_8pom,4,2,2,,,1,4,,1,1,,,,,5,1,,,,,4,2015,2014-15,div3,Tompkins Cortland,tompkinscortlandcommunitycollege,malikfogggqx9,Malik Fogg
Apr 28,home,Finger Lakes,L,10-5,10,5,5.0,win,20150428_y671,2,1,1,,,1,1,2,1,,,,,,4,1,,,,,4,2015,2014-15,div3,Tompkins Cortland,tompkinscortlandcommunitycollege,malikfogggqx9,Malik Fogg
Apr 30,home,Finger Lakes,L,10-5,10,5,5.0,win,20150430_t2dd,4,0,1,1,,,0,,1,,,,,,2,1,,,,,4,2015,2014-15,div3,Tompkins Cortland,tompkinscortlandcommunitycollege,malikfogggqx9,Malik Fogg
Apr 30,home,Finger Lakes,L,3-2,3,2,1.0,win,20150430_jyvm,2,0,1,,,,0,,1,,1,1,,,1,0,,,,,3,2015,2014-15,div3,Tompkins Cortland,tompkinscortlandcommunitycollege,malikfogggqx9,Malik Fogg
May 2,home,Ithaca College JV,W,10-8,10,8,2.0,win,,,,,,,,,,,,,,,,,,,,,,,2015,2014-15,div3,Tompkins Cortland,tompkinscortlandcommunitycollege,malikfogggqx9,Malik Fogg
May 5,home,Corning,W,8-4,8,4,4.0,win,20150505_g76m,3,2,3,,,,0,1,,,,,,,3,0,,,,,4,2015,2014-15,div3,Tompkins Cortland,tompkinscortlandcommunitycollege,malikfogggqx9,Malik Fogg
May 5,home,Corning,L,5-4,5,4,1.0,win,20150505_gpx9,3,1,1,,,,1,,,,,,,,1,0,,,,,3,2015,2014-15,div3,Tompkins Cortland,tompkinscortlandcommunitycollege,malikfogggqx9,Malik Fogg
May 7,home,Jamestown,L,19-14,19,14,5.0,win,20150507_2c89,4,1,1,1,,,2,1,,,,,,1,2,1,,,,,6,2015,2014-15,div3,Tompkins Cortland,tompkinscortlandcommunitycollege,malikfogggqx9,Malik Fogg
May 7,home,Jamestown,L,8-7,8,7,1.0,win,20150507_0uzk,4,2,2,1,,,1,1,,,,1,,,3,1,,,,,6,2015,2014-15,div3,Tompkins Cortland,tompkinscortlandcommunitycollege,malikfogggqx9,Malik Fogg
May 7,home,Jamestown,L,11-0,11,0,11.0,win,20150507_usbx,2,0,1,,,,0,,,,,,,,1,0,,,,,2,2015,2014-15,div3,Tompkins Cortland,tompkinscortlandcommunitycollege,malikfogggqx9,Malik Fogg
