date,location,opponent,result,score,team_score,opp_score,game_score_diff_x,game_win_loss_x,game_id_x,AB,R,H,2B,3B,HR,RBI,BB,K,SB,CS,game_score_diff_y,game_win_loss_y,game_id_y,HBP,SF,SH,TB,XBH,HDP,GO,FO,GO/FO,PA,season,njcaa_season,njcaa_division,team,team_id,player_id,player_name
Feb 25,home,Mercer County,W,14-0,14,0,14.0,win,20180225_w9si,3,1,0,,,,1,1,2,,,14.0,win,20180225_w9si,,,,0,0,,,1,,4,2018,2017-18,div1,Harford,harfordcommunitycollege,spencersmith4v4h,Spencer Smith
Feb 25,home,Mercer County,W,7-5,7,5,2.0,win,20180225_tzjx,2,1,1,,,1,1,1,,,,2.0,win,20180225_tzjx,,,,4,1,,1,,,3,2018,2017-18,div1,Harford,harfordcommunitycollege,spencersmith4v4h,Spencer Smith
Feb 27,home,Monroe College,L,3-1,3,1,2.0,win,20180227_2npv,3,0,0,,,,0,,3,,,2.0,win,20180227_2npv,,,,0,0,,,,,3,2018,2017-18,div1,Harford,harfordcommunitycollege,spencersmith4v4h,Spencer Smith
Feb 27,home,Monroe College,W,12-5,12,5,7.0,win,20180227_hyog,0,0,0,,,,0,3,,,1,7.0,win,20180227_hyog,1,,,0,0,,,,,4,2018,2017-18,div1,Harford,harfordcommunitycollege,spencersmith4v4h,Spencer Smith
Mar 6,home,Delaware County,W,22-1,22,1,21.0,win,20180306_5qo5,2,1,1,,,1,2,,1,,,21.0,win,20180306_5qo5,,1,,4,1,,,1,,3,2018,2017-18,div1,Harford,harfordcommunitycollege,spencersmith4v4h,Spencer Smith
Mar 7,home,Prince George's,,,,,21.0,win,,,,,,,,,,,,,21.0,win,,,,,,,,,,,,2018,2017-18,div1,Harford,harfordcommunitycollege,spencersmith4v4h,Spencer Smith
Mar 8,home,Cecil,,,,,21.0,win,,,,,,,,,,,,,21.0,win,,,,,,,,,,,,2018,2017-18,div1,Harford,harfordcommunitycollege,spencersmith4v4h,Spencer Smith
Mar 9,home,Penn State Mont Alto,W,16-7,16,7,9.0,win,20180309_nhgn,2,2,2,,,1,1,,,,,9.0,win,20180309_nhgn,1,,,5,1,,,,,3,2018,2017-18,div1,Harford,harfordcommunitycollege,spencersmith4v4h,Spencer Smith
Mar 16,home,Penn State-Schuylkill,W,12-2,12,2,10.0,win,20180316_ulr6,2,3,1,,,1,3,1,,2,,10.0,win,20180316_ulr6,,,1,4,1,,,1,,4,2018,2017-18,div1,Harford,harfordcommunitycollege,spencersmith4v4h,Spencer Smith
Mar 18,home,Montgomery,W,9-3,9,3,6.0,win,20180318_pdzi,4,0,0,,,,1,,3,,,6.0,win,20180318_pdzi,,,,0,0,,1,,,4,2018,2017-18,div1,Harford,harfordcommunitycollege,spencersmith4v4h,Spencer Smith
Mar 18,home,Montgomery,W,14-1,14,1,13.0,win,20180318_5opc,4,2,2,2,,,3,,1,1,,13.0,win,20180318_5opc,,,,4,2,,,1,,4,2018,2017-18,div1,Harford,harfordcommunitycollege,spencersmith4v4h,Spencer Smith
Mar 24,home,Frederick,W,8-1,8,1,7.0,win,20180324_xwor,3,1,0,,,,0,1,2,,,7.0,win,20180324_xwor,,,,0,0,,,1,,4,2018,2017-18,div1,Harford,harfordcommunitycollege,spencersmith4v4h,Spencer Smith
Mar 24,home,Frederick,W,12-0,12,0,12.0,win,20180324_vptz,2,2,1,,,,0,1,1,,,12.0,win,20180324_vptz,,,,1,0,,,,,3,2018,2017-18,div1,Harford,harfordcommunitycollege,spencersmith4v4h,Spencer Smith
Mar 25,home,Erie,W,14-4,14,4,10.0,win,20180325_rdox,3,0,0,,,,0,1,2,,,10.0,win,20180325_rdox,,,,0,0,,,1,,4,2018,2017-18,div1,Harford,harfordcommunitycollege,spencersmith4v4h,Spencer Smith
Mar 25,home,Erie,W,16-6,16,6,10.0,win,20180325_th61,1,1,0,,,,0,,1,,,10.0,win,20180325_th61,1,,,0,0,,,,,2,2018,2017-18,div1,Harford,harfordcommunitycollege,spencersmith4v4h,Spencer Smith
Mar 26,home,Erie,W,10-0,10,0,10.0,win,20180326_tfyr,4,1,0,,,,1,1,2,1,,10.0,win,20180326_tfyr,,,,0,0,,,,,5,2018,2017-18,div1,Harford,harfordcommunitycollege,spencersmith4v4h,Spencer Smith
Mar 29,home,CCBC Dundalk,W,14-3,14,3,11.0,win,20180329_4bpq,4,2,1,,,1,3,1,2,,1,11.0,win,20180329_4bpq,,,,4,1,,,,,5,2018,2017-18,div1,Harford,harfordcommunitycollege,spencersmith4v4h,Spencer Smith
Mar 31,home,Garrett,W,13-3,13,3,10.0,win,20180331_wccc,4,1,3,1,1,,3,1,1,,,10.0,win,20180331_wccc,,,,6,2,,,,,5,2018,2017-18,div1,Harford,harfordcommunitycollege,spencersmith4v4h,Spencer Smith
Mar 31,home,Garrett,W,15-0,15,0,15.0,win,20180331_6ljb,3,2,3,1,,,1,,,1,,15.0,win,20180331_6ljb,,,,4,1,,,,,3,2018,2017-18,div1,Harford,harfordcommunitycollege,spencersmith4v4h,Spencer Smith
Apr 5,home,Cecil,W,7-6,7,6,1.0,win,20180405_g1ey,4,0,0,,,,1,,1,,,1.0,win,20180405_g1ey,,,,0,0,,2,1,2.00,4,2018,2017-18,div1,Harford,harfordcommunitycollege,spencersmith4v4h,Spencer Smith
Apr 5,home,Cecil,W,9-2,9,2,7.0,win,,,,,,,,,,,,,7.0,win,,,,,,,,,,,,2018,2017-18,div1,Harford,harfordcommunitycollege,spencersmith4v4h,Spencer Smith
Apr 6,home,Hagerstown,W,18-6,18,6,12.0,win,20180406_m2z7,1,2,0,,,,1,3,,,,12.0,win,20180406_m2z7,,,,0,0,,1,,,4,2018,2017-18,div1,Harford,harfordcommunitycollege,spencersmith4v4h,Spencer Smith
Apr 6,home,Hagerstown,W,19-2,19,2,17.0,win,20180406_hekz,3,2,3,1,,1,5,,,,,17.0,win,20180406_hekz,,,,7,2,,,,,3,2018,2017-18,div1,Harford,harfordcommunitycollege,spencersmith4v4h,Spencer Smith
Apr 10,home,Camden County,W,14-11,14,11,3.0,win,20180410_fgb2,4,1,2,,,,2,1,1,,,3.0,win,20180410_fgb2,,,,2,0,,1,,,5,2018,2017-18,div1,Harford,harfordcommunitycollege,spencersmith4v4h,Spencer Smith
Apr 11,home,CCBC Essex,W,10-7,10,7,3.0,win,20180411_qju5,4,1,1,,,1,1,1,2,,,3.0,win,20180411_qju5,,,,4,1,,,1,,5,2018,2017-18,div1,Harford,harfordcommunitycollege,spencersmith4v4h,Spencer Smith
Apr 12,home,CCBC Catonsville,L,13-7,13,7,6.0,win,20180412_als0,3,2,2,,1,,1,1,,1,,6.0,win,20180412_als0,,,,4,1,,,1,,4,2018,2017-18,div1,Harford,harfordcommunitycollege,spencersmith4v4h,Spencer Smith
Apr 12,home,CCBC Catonsville,W,15-10,15,10,5.0,win,20180412_adfi,5,1,2,1,,1,3,,2,,,5.0,win,20180412_adfi,,,,6,2,,1,,,5,2018,2017-18,div1,Harford,harfordcommunitycollege,spencersmith4v4h,Spencer Smith
Apr 14,home,Allegany Maryland,W,19-10,19,10,9.0,win,20180414_7rpv,4,2,2,1,,1,4,1,1,,,9.0,win,20180414_7rpv,,,,6,2,,,1,,5,2018,2017-18,div1,Harford,harfordcommunitycollege,spencersmith4v4h,Spencer Smith
Apr 14,home,Allegany Maryland,W,11-0,11,0,11.0,win,20180414_p7sg,2,2,1,,,1,2,,1,,,11.0,win,20180414_p7sg,1,,,4,1,,,,,3,2018,2017-18,div1,Harford,harfordcommunitycollege,spencersmith4v4h,Spencer Smith
Apr 18,home,Anne Arundel,W,19-8,19,8,11.0,win,20180418_h8t6,3,3,1,1,,,2,1,1,,,11.0,win,20180418_h8t6,,,,2,1,,,,,4,2018,2017-18,div1,Harford,harfordcommunitycollege,spencersmith4v4h,Spencer Smith
Apr 24,home,Prince George's,W,14-6,14,6,8.0,win,,,,,,,,,,,,,8.0,win,,,,,,,,,,,,2018,2017-18,div1,Harford,harfordcommunitycollege,spencersmith4v4h,Spencer Smith
Apr 28,home,ASA New York,W,17-15,17,15,2.0,win,20180428_05g5,4,3,4,2,,,4,,,,,2.0,win,20180428_05g5,1,,,6,2,,,,,5,2018,2017-18,div1,Harford,harfordcommunitycollege,spencersmith4v4h,Spencer Smith
Apr 28,home,ASA New York,W,19-4,19,4,15.0,win,20180428_ww4o,4,3,3,,,2,4,,,,,15.0,win,20180428_ww4o,,,,9,2,,1,,,4,2018,2017-18,div1,Harford,harfordcommunitycollege,spencersmith4v4h,Spencer Smith
May 1,home,Delaware Tech,W,11-8,11,8,3.0,win,20180501_8p5s,4,1,2,,,,2,1,1,,,3.0,win,20180501_8p5s,,,,2,0,,,,,5,2018,2017-18,div1,Harford,harfordcommunitycollege,spencersmith4v4h,Spencer Smith
May 2,home,Brookdale,W,25-4,25,4,21.0,win,20180502_9kjt,1,4,1,1,,,0,3,,,,21.0,win,20180502_9kjt,,,,2,1,,,,,4,2018,2017-18,div1,Harford,harfordcommunitycollege,spencersmith4v4h,Spencer Smith
May 7,home,RCSJ Gloucester,L,9-6,9,6,3.0,win,20180507_iz1f,3,1,0,,,,0,2,2,,,3.0,win,20180507_iz1f,,,,0,0,,,1,,5,2018,2017-18,div1,Harford,harfordcommunitycollege,spencersmith4v4h,Spencer Smith
May 10,home,Potomac State,W,16-8,16,8,8.0,win,20180510_fb8k,2,1,0,,,,1,2,2,,,8.0,win,20180510_fb8k,1,,,0,0,,,,,5,2018,2017-18,div1,Harford,harfordcommunitycollege,spencersmith4v4h,Spencer Smith
