date,location,opponent,result,score,team_score,opp_score,game_score_diff,game_win_loss,game_id,AB,R,H,2B,3B,HR,RBI,BB,K,SB,CS,HBP,SF,SH,TB,XBH,HDP,GO,FO,GO/FO,PA,season,njcaa_season,njcaa_division,team,team_id,player_id,player_name
Feb 24,home,RCSJ Cumberland,L,14-2,14,2,12.0,win,20180224_ie3a,3,0,0,,,,0,,,,,,,,0,0,,,,,3,2018,2017-18,div2,Delaware Tech,delawaretechnicalcommunitycollege,tylercunninghammnws,Tyler Cunningham
Feb 24,home,RCSJ Cumberland,L,11-0,11,0,11.0,win,20180224_jfld,2,0,0,,,,0,,1,,,,,,0,0,,,,,2,2018,2017-18,div2,Delaware Tech,delawaretechnicalcommunitycollege,tylercunninghammnws,Tyler Cunningham
Feb 25,home,CCBC Dundalk,W,11-5,11,5,6.0,win,20180225_ng9z,4,2,4,1,1,,3,,,,,,,,7,2,,,,,4,2018,2017-18,div2,Delaware Tech,delawaretechnicalcommunitycollege,tylercunninghammnws,Tyler Cunningham
Feb 25,home,CCBC Dundalk,W,4-3,4,3,1.0,win,20180225_pe17,1,0,0,,,,0,2,,,,,,,0,0,,,,,3,2018,2017-18,div2,Delaware Tech,delawaretechnicalcommunitycollege,tylercunninghammnws,Tyler Cunningham
Mar 3,home,Rowan Burlington,W,8-5,8,5,3.0,win,20180303_4jwl,4,1,1,,,,1,,,1,,,,,1,0,,,,,4,2018,2017-18,div2,Delaware Tech,delawaretechnicalcommunitycollege,tylercunninghammnws,Tyler Cunningham
Mar 3,home,Rowan Burlington,L,8-4,8,4,4.0,win,20180303_ng44,2,0,0,,,,0,,1,,,,,,0,0,,,,,2,2018,2017-18,div2,Delaware Tech,delawaretechnicalcommunitycollege,tylercunninghammnws,Tyler Cunningham
Mar 4,home,Brookdale,W,10-8,10,8,2.0,win,20180304_qzfn,4,1,2,1,,1,4,,2,,,,,,6,2,,,,,4,2018,2017-18,div2,Delaware Tech,delawaretechnicalcommunitycollege,tylercunninghammnws,Tyler Cunningham
Mar 4,home,Brookdale,L,7-1,7,1,6.0,win,20180304_qc3y,3,0,0,,,,0,1,2,,,,,,0,0,,,,,4,2018,2017-18,div2,Delaware Tech,delawaretechnicalcommunitycollege,tylercunninghammnws,Tyler Cunningham
Mar 10,home,Ocean County,L,6-5,6,5,1.0,win,20180310_wbls,3,0,3,,,,1,,,,1,,,,3,0,,,,,3,2018,2017-18,div2,Delaware Tech,delawaretechnicalcommunitycollege,tylercunninghammnws,Tyler Cunningham
Mar 11,home,Union,W,5-0,5,0,5.0,win,20180311_r040,3,1,1,1,,,1,,,,,,,,2,1,,,,,3,2018,2017-18,div2,Delaware Tech,delawaretechnicalcommunitycollege,tylercunninghammnws,Tyler Cunningham
Mar 11,home,John Wood,W,4-1,4,1,3.0,win,20180311_7dh9,2,0,0,,,,0,,,,,,,,0,0,,,,,2,2018,2017-18,div2,Delaware Tech,delawaretechnicalcommunitycollege,tylercunninghammnws,Tyler Cunningham
Mar 12,home,Black Hawk-Moline,L,3-2,3,2,1.0,win,20180312_l8zy,2,0,0,,,,0,2,2,,,,,,0,0,,,,,4,2018,2017-18,div2,Delaware Tech,delawaretechnicalcommunitycollege,tylercunninghammnws,Tyler Cunningham
Mar 13,home,Union,W,13-7,13,7,6.0,win,20180313_efdd,4,1,0,,,,0,,2,1,,,,,0,0,,,,,4,2018,2017-18,div2,Delaware Tech,delawaretechnicalcommunitycollege,tylercunninghammnws,Tyler Cunningham
Mar 14,home,Onondaga,W,11-3,11,3,8.0,win,20180314_h11v,3,1,1,,,,2,,,1,,1,,,1,0,,,,,4,2018,2017-18,div2,Delaware Tech,delawaretechnicalcommunitycollege,tylercunninghammnws,Tyler Cunningham
Mar 15,home,Monroe College,L,5-0,5,0,5.0,win,20180315_eyuo,2,0,0,,,,0,1,,,,,,,0,0,,,1,,3,2018,2017-18,div2,Delaware Tech,delawaretechnicalcommunitycollege,tylercunninghammnws,Tyler Cunningham
Mar 15,home,Rockland,W,10-7,10,7,3.0,win,20180315_eu6a,3,3,2,2,,,1,,,,,,,,4,2,,,,,3,2018,2017-18,div2,Delaware Tech,delawaretechnicalcommunitycollege,tylercunninghammnws,Tyler Cunningham
Mar 16,home,Monroe College,W,7-6,7,6,1.0,win,20180316_r6d2,2,1,0,,,,0,1,,,,,,,0,0,1,1,1,1.00,3,2018,2017-18,div2,Delaware Tech,delawaretechnicalcommunitycollege,tylercunninghammnws,Tyler Cunningham
Mar 25,home,Morris,W,13-10,13,10,3.0,win,20180325_orw6,3,2,1,,,1,4,1,,,,,,1,4,1,,,,,5,2018,2017-18,div2,Delaware Tech,delawaretechnicalcommunitycollege,tylercunninghammnws,Tyler Cunningham
Mar 25,home,Morris,L,9-7,9,7,2.0,win,20180325_78bp,3,1,2,,,,1,1,,,,,,,2,0,,,,,4,2018,2017-18,div2,Delaware Tech,delawaretechnicalcommunitycollege,tylercunninghammnws,Tyler Cunningham
Mar 30,home,Sullivan County,W,13-7,13,7,6.0,win,20180330_juls,3,4,2,,,,0,2,,3,,,,,2,0,,,,,5,2018,2017-18,div2,Delaware Tech,delawaretechnicalcommunitycollege,tylercunninghammnws,Tyler Cunningham
Mar 31,home,Sussex County,W,3-1,3,1,2.0,win,20180331_i66y,3,1,1,,,,0,,1,1,,,,,1,0,,,,,3,2018,2017-18,div2,Delaware Tech,delawaretechnicalcommunitycollege,tylercunninghammnws,Tyler Cunningham
Mar 31,home,Sussex County,L,8-3,8,3,5.0,win,20180331_5yme,3,0,0,,,,0,,1,,1,,,,0,0,,,,,3,2018,2017-18,div2,Delaware Tech,delawaretechnicalcommunitycollege,tylercunninghammnws,Tyler Cunningham
Apr 4,home,Cecil,,,,,5.0,win,,,,,,,,,,,,,,,,,,,,,,,2018,2017-18,div2,Delaware Tech,delawaretechnicalcommunitycollege,tylercunninghammnws,Tyler Cunningham
Apr 4,home,Cecil,,,,,5.0,win,,,,,,,,,,,,,,,,,,,,,,,2018,2017-18,div2,Delaware Tech,delawaretechnicalcommunitycollege,tylercunninghammnws,Tyler Cunningham
Apr 4,home,Cecil,,,,,5.0,win,,,,,,,,,,,,,,,,,,,,,,,2018,2017-18,div2,Delaware Tech,delawaretechnicalcommunitycollege,tylercunninghammnws,Tyler Cunningham
Apr 4,home,Cecil,,,,,5.0,win,,,,,,,,,,,,,,,,,,,,,,,2018,2017-18,div2,Delaware Tech,delawaretechnicalcommunitycollege,tylercunninghammnws,Tyler Cunningham
Apr 5,home,Chesapeake,L,22-15,22,15,7.0,win,20180405_zuqe,5,1,0,,,,0,1,3,,,,,,0,0,,2,,,6,2018,2017-18,div2,Delaware Tech,delawaretechnicalcommunitycollege,tylercunninghammnws,Tyler Cunningham
Apr 7,home,Valley Forge Military,W,17-8,17,8,9.0,win,20180407_dd4c,3,2,1,1,,,0,2,,,,,,,2,1,,,,,5,2018,2017-18,div2,Delaware Tech,delawaretechnicalcommunitycollege,tylercunninghammnws,Tyler Cunningham
Apr 7,home,Valley Forge Military,L,6-3,6,3,3.0,win,20180407_f71w,4,2,2,1,,,0,,1,1,,,,,3,1,,,,,4,2018,2017-18,div2,Delaware Tech,delawaretechnicalcommunitycollege,tylercunninghammnws,Tyler Cunningham
Apr 8,home,CCBC Essex,W,6-5,6,5,1.0,win,20180408_u6ct,2,0,1,,,,1,,1,2,,2,,,1,0,,,,,4,2018,2017-18,div2,Delaware Tech,delawaretechnicalcommunitycollege,tylercunninghammnws,Tyler Cunningham
Apr 8,home,CCBC Essex,W,5-4,5,4,1.0,win,20180408_r2ci,2,0,1,,,,0,1,,,,1,,,1,0,,,,,4,2018,2017-18,div2,Delaware Tech,delawaretechnicalcommunitycollege,tylercunninghammnws,Tyler Cunningham
Apr 11,home,Chesapeake,W,9-8,9,8,1.0,win,20180411_4yi3,3,1,2,2,,,2,2,1,1,1,,,,4,2,,,,,5,2018,2017-18,div2,Delaware Tech,delawaretechnicalcommunitycollege,tylercunninghammnws,Tyler Cunningham
Apr 14,home,Lackawanna,L,6-4,6,4,2.0,win,20180414_8hes,3,1,2,,,,1,,1,1,,,,,2,0,,,,,3,2018,2017-18,div2,Delaware Tech,delawaretechnicalcommunitycollege,tylercunninghammnws,Tyler Cunningham
Apr 14,home,Lackawanna,L,12-6,12,6,6.0,win,20180414_wj5c,2,1,1,,,1,2,,1,,,,,,4,1,,,,,2,2018,2017-18,div2,Delaware Tech,delawaretechnicalcommunitycollege,tylercunninghammnws,Tyler Cunningham
Apr 15,home,Anne Arundel,W,10-9,10,9,1.0,win,20180415_f6q2,4,1,2,,,,1,1,2,1,,,,,2,0,,,,,5,2018,2017-18,div2,Delaware Tech,delawaretechnicalcommunitycollege,tylercunninghammnws,Tyler Cunningham
Apr 15,home,Anne Arundel,,,,,1.0,win,,,,,,,,,,,,,,,,,,,,,,,2018,2017-18,div2,Delaware Tech,delawaretechnicalcommunitycollege,tylercunninghammnws,Tyler Cunningham
Apr 19,home,Cecil,W,6-4,6,4,2.0,win,20180419_0eey,5,2,2,,,1,1,,1,1,,,,,5,1,,,,,5,2018,2017-18,div2,Delaware Tech,delawaretechnicalcommunitycollege,tylercunninghammnws,Tyler Cunningham
Apr 22,home,Delaware County,W,2-1,2,1,1.0,win,20180422_9ei9,1,0,0,,,,0,2,,,,,,,0,0,,,,,3,2018,2017-18,div2,Delaware Tech,delawaretechnicalcommunitycollege,tylercunninghammnws,Tyler Cunningham
Apr 22,home,Delaware County,W,12-8,12,8,4.0,win,20180422_qaoy,4,1,1,,,,2,1,,,,,,,1,0,,,,,5,2018,2017-18,div2,Delaware Tech,delawaretechnicalcommunitycollege,tylercunninghammnws,Tyler Cunningham
Apr 25,home,Cecil,L,16-5,16,5,11.0,win,20180425_6irw,2,0,0,,,,0,1,,1,,1,,,0,0,,,,,4,2018,2017-18,div2,Delaware Tech,delawaretechnicalcommunitycollege,tylercunninghammnws,Tyler Cunningham
Apr 26,home,Southern Maryland,W,13-3,13,3,10.0,win,20180426_1hhh,1,4,1,1,,,2,2,,1,,,,,2,1,,,,,3,2018,2017-18,div2,Delaware Tech,delawaretechnicalcommunitycollege,tylercunninghammnws,Tyler Cunningham
Apr 28,home,Mercer County,W,7-6,7,6,1.0,win,20180428_b3oi,3,1,0,,,,0,1,1,1,,,,,0,0,,,,,4,2018,2017-18,div2,Delaware Tech,delawaretechnicalcommunitycollege,tylercunninghammnws,Tyler Cunningham
Apr 28,home,Mercer County,L,8-7,8,7,1.0,win,20180428_r07z,3,1,1,,,,1,,,1,,,,,1,0,,,,,3,2018,2017-18,div2,Delaware Tech,delawaretechnicalcommunitycollege,tylercunninghammnws,Tyler Cunningham
Apr 29,home,CCBC Catonsville,L,14-11,14,11,3.0,win,20180429_c9g2,5,0,0,,,,0,1,2,,,1,,,0,0,,,,,7,2018,2017-18,div2,Delaware Tech,delawaretechnicalcommunitycollege,tylercunninghammnws,Tyler Cunningham
May 1,home,Harford,L,11-8,11,8,3.0,win,20180501_8p5s,3,2,0,,,,0,2,3,1,,,,,0,0,,,,,5,2018,2017-18,div2,Delaware Tech,delawaretechnicalcommunitycollege,tylercunninghammnws,Tyler Cunningham
May 5,home,Sussex County,L,10-6,10,6,4.0,win,20180505_8o8k,3,0,1,,,,0,,1,1,,1,,,1,0,,,,,4,2018,2017-18,div2,Delaware Tech,delawaretechnicalcommunitycollege,tylercunninghammnws,Tyler Cunningham
May 5,home,Sussex County,W,8-2,8,2,6.0,win,20180505_qq02,4,1,2,1,,,0,1,,2,,,,,3,1,,,,,5,2018,2017-18,div2,Delaware Tech,delawaretechnicalcommunitycollege,tylercunninghammnws,Tyler Cunningham
May 6,home,Sussex County,L,9-8,9,8,1.0,win,20180506_lvcz,5,0,1,,,,0,,2,,,,,,1,0,,,,,5,2018,2017-18,div2,Delaware Tech,delawaretechnicalcommunitycollege,tylercunninghammnws,Tyler Cunningham
