date,location,opponent,result,score,team_score,opp_score,game_score_diff,game_win_loss,game_id,AB,R,H,2B,3B,HR,RBI,BB,K,SB,CS,HBP,SF,SH,TB,XBH,HDP,GO,FO,GO/FO,PA,season,njcaa_season,njcaa_division,team,team_id,player_id,player_name
Mar 6,home,Potomac State,L,4-3,4,3,1.0,win,20210306_ar0q,2,0,0,,,,0,1,1,,,,,,0,0,,,,,3,2021,2020-21,div2,Southern Maryland,collegeofsouthernmaryland,michaelguy49i5,Michael Guy
Mar 6,home,Potomac State,L,18-2,18,2,16.0,win,20210306_x3uc,1,0,0,,,,0,,1,,,,,,0,0,,,,,1,2021,2020-21,div2,Southern Maryland,collegeofsouthernmaryland,michaelguy49i5,Michael Guy
Mar 13,home,CCBC Dundalk,W,9-1,9,1,8.0,win,20210313_3ej5,4,0,1,,,,1,,,1,,,,,1,0,,,2,,4,2021,2020-21,div2,Southern Maryland,collegeofsouthernmaryland,michaelguy49i5,Michael Guy
Mar 13,home,CCBC Dundalk,W,5-1,5,1,4.0,win,20210313_fqmt,3,1,0,,,,0,,,,,,,,0,0,,3,,,3,2021,2020-21,div2,Southern Maryland,collegeofsouthernmaryland,michaelguy49i5,Michael Guy
Mar 19,home,Anne Arundel,L,12-1,12,1,11.0,win,20210319_8ev8,2,0,0,,,,0,,,,,,,,0,0,,2,,,2,2021,2020-21,div2,Southern Maryland,collegeofsouthernmaryland,michaelguy49i5,Michael Guy
Mar 19,home,Anne Arundel,W,7-6,7,6,1.0,win,20210319_8mm5,0,0,0,,,,0,,,,,,,,0,0,,,,,0,2021,2020-21,div2,Southern Maryland,collegeofsouthernmaryland,michaelguy49i5,Michael Guy
Mar 21,home,Chesapeake,L,9-6,9,6,3.0,win,20210321_bbyr,3,0,0,,,,0,,,,,,,,0,0,,1,2,0.50,3,2021,2020-21,div2,Southern Maryland,collegeofsouthernmaryland,michaelguy49i5,Michael Guy
Mar 21,home,Chesapeake,L,8-3,8,3,5.0,win,20210321_ascq,3,0,2,,,,1,,,,,,,,2,0,,,1,,3,2021,2020-21,div2,Southern Maryland,collegeofsouthernmaryland,michaelguy49i5,Michael Guy
Mar 25,home,Cecil,W,7-2,7,2,5.0,win,20210325_gbtw,4,1,1,,,1,1,,1,,,,,,4,1,,1,1,1.00,4,2021,2020-21,div2,Southern Maryland,collegeofsouthernmaryland,michaelguy49i5,Michael Guy
Mar 25,home,Cecil,L,8-4,8,4,4.0,win,20210325_qpbe,3,0,0,,,,0,1,1,,,,,,0,0,,,2,,4,2021,2020-21,div2,Southern Maryland,collegeofsouthernmaryland,michaelguy49i5,Michael Guy
Mar 27,home,Hagerstown,L,6-1,6,1,5.0,win,20210327_78gp,3,0,0,,,,0,,1,,,,,,0,0,1,1,1,1.00,3,2021,2020-21,div2,Southern Maryland,collegeofsouthernmaryland,michaelguy49i5,Michael Guy
Mar 27,home,Hagerstown,L,4-3,4,3,1.0,win,20210327_2tl8,0,0,0,,,,0,,,,,,,,0,0,,,,,0,2021,2020-21,div2,Southern Maryland,collegeofsouthernmaryland,michaelguy49i5,Michael Guy
Mar 30,home,CCBC Essex,W,7-1,7,1,6.0,win,20210330_xnv8,4,1,2,1,,,2,,,,,,,,3,1,,2,,,4,2021,2020-21,div2,Southern Maryland,collegeofsouthernmaryland,michaelguy49i5,Michael Guy
Mar 30,home,CCBC Essex,L,6-5,6,5,1.0,win,20210330_wcis,3,1,1,1,,,0,1,1,,,,,,2,1,,1,,,4,2021,2020-21,div2,Southern Maryland,collegeofsouthernmaryland,michaelguy49i5,Michael Guy
Apr 3,home,Chesapeake,L,7-3,7,3,4.0,win,20210403_gzjn,4,1,1,1,,,1,,2,,,,,,2,1,,,1,,4,2021,2020-21,div2,Southern Maryland,collegeofsouthernmaryland,michaelguy49i5,Michael Guy
Apr 3,home,Chesapeake,W,9-4,9,4,5.0,win,20210403_8xar,5,1,3,,,,1,,,,,,,,3,0,,1,1,1.00,5,2021,2020-21,div2,Southern Maryland,collegeofsouthernmaryland,michaelguy49i5,Michael Guy
Apr 6,home,Frederick,L,3-2,3,2,1.0,win,20210406_4uqv,4,0,1,,,,0,,,,,,,,1,0,,,,,4,2021,2020-21,div2,Southern Maryland,collegeofsouthernmaryland,michaelguy49i5,Michael Guy
Apr 6,home,Frederick,L,7-0,7,0,7.0,win,20210406_ct0a,3,0,0,,,,0,,2,,,,,,0,0,,,,,3,2021,2020-21,div2,Southern Maryland,collegeofsouthernmaryland,michaelguy49i5,Michael Guy
Apr 8,home,Prince George's,W,10-5,10,5,5.0,win,20210408_zdle,2,0,0,,,,0,2,,,,,,1,0,0,,1,2,0.50,5,2021,2020-21,div2,Southern Maryland,collegeofsouthernmaryland,michaelguy49i5,Michael Guy
Apr 8,home,Prince George's,W,13-5,13,5,8.0,win,20210408_xoto,5,1,2,1,,,0,,1,,,,,,3,1,,1,1,1.00,5,2021,2020-21,div2,Southern Maryland,collegeofsouthernmaryland,michaelguy49i5,Michael Guy
Apr 11,home,CCBC Catonsville,W,12-2,12,2,10.0,win,20210411_xcwh,2,1,1,,,,0,1,,,,,,1,1,0,,2,,,4,2021,2020-21,div2,Southern Maryland,collegeofsouthernmaryland,michaelguy49i5,Michael Guy
Apr 11,home,CCBC Catonsville,L,9-3,9,3,6.0,win,20210411_xdnn,3,0,2,,,,0,1,1,,,,,,2,0,,,,,4,2021,2020-21,div2,Southern Maryland,collegeofsouthernmaryland,michaelguy49i5,Michael Guy
Apr 17,home,Garrett,L,5-0,5,0,5.0,win,20210417_aeeo,3,0,0,,,,0,,1,,,,,,0,0,,,,,3,2021,2020-21,div2,Southern Maryland,collegeofsouthernmaryland,michaelguy49i5,Michael Guy
Apr 17,home,Garrett,L,8-4,8,4,4.0,win,20210417_7ty3,4,0,2,,,,0,1,,,,,,,2,0,,,,,5,2021,2020-21,div2,Southern Maryland,collegeofsouthernmaryland,michaelguy49i5,Michael Guy
Apr 18,home,Harford,L,15-3,15,3,12.0,win,20210418_iwii,0,0,0,,,,0,1,,1,,,,,0,0,,,,,1,2021,2020-21,div2,Southern Maryland,collegeofsouthernmaryland,michaelguy49i5,Michael Guy
Apr 18,home,Harford,L,10-1,10,1,9.0,win,20210418_1qwr,3,0,1,,,,0,,,,,,,,1,0,,1,1,1.00,3,2021,2020-21,div2,Southern Maryland,collegeofsouthernmaryland,michaelguy49i5,Michael Guy
Apr 24,home,Cecil,W,7-1,7,1,6.0,win,20210424_g33v,3,0,2,,,,1,,1,,,,,,2,0,,,,,3,2021,2020-21,div2,Southern Maryland,collegeofsouthernmaryland,michaelguy49i5,Michael Guy
Apr 24,home,Cecil,W,11-1,11,1,10.0,win,20210424_111o,3,0,0,,,,0,,,,,,,,0,0,,3,,,3,2021,2020-21,div2,Southern Maryland,collegeofsouthernmaryland,michaelguy49i5,Michael Guy
Apr 28,home,Montgomery,W,5-2,5,2,3.0,win,20210428_laiy,1,0,0,,,,1,1,,,1,,1,,0,0,,,,,3,2021,2020-21,div2,Southern Maryland,collegeofsouthernmaryland,michaelguy49i5,Michael Guy
Apr 28,home,Montgomery,L,12-11,12,11,1.0,win,20210428_ktjo,4,3,4,1,,,1,1,,,,,,,5,1,,,,,5,2021,2020-21,div2,Southern Maryland,collegeofsouthernmaryland,michaelguy49i5,Michael Guy
May 1,home,Allegany Maryland,L,7-5,7,5,2.0,win,20210501_evan,3,0,0,,,,1,1,1,,,,,,0,0,,2,,,4,2021,2020-21,div2,Southern Maryland,collegeofsouthernmaryland,michaelguy49i5,Michael Guy
May 1,home,Allegany Maryland,W,4-1,4,1,3.0,win,20210501_qzaw,3,0,1,,,,0,,,,,,,,1,0,,,2,,3,2021,2020-21,div2,Southern Maryland,collegeofsouthernmaryland,michaelguy49i5,Michael Guy
May 8,home,Allegany Maryland,L,11-7,11,7,4.0,win,20210508_owud,4,1,1,,,1,2,,,,,,,,4,1,,,,,4,2021,2020-21,div2,Southern Maryland,collegeofsouthernmaryland,michaelguy49i5,Michael Guy
