date,location,opponent,result,score,team_score,opp_score,game_score_diff,game_win_loss,game_id,AB,R,H,2B,3B,HR,RBI,BB,K,SB,CS,HBP,SF,SH,TB,XBH,HDP,GO,FO,GO/FO,PA,season,njcaa_season,njcaa_division,team,team_id,player_id,player_name
Jan 28,home,Dallas College - Richland,L,13-11,13,11,2.0,win,20220128_p40r,4,1,1,,,,0,,3,,,,,,1,0,,,,,4,2022,2021-22,div1,Frank Phillips,frankphillipscollege,kalebscull4la8,Kaleb Scull
Jan 29,home,Dallas College - Richland,L,5-3,5,3,2.0,win,20220129_klxg,1,1,1,,,,0,1,,,,,,,1,0,,,,,2,2022,2021-22,div1,Frank Phillips,frankphillipscollege,kalebscull4la8,Kaleb Scull
Jan 29,home,Dallas College - Richland,W,6-3,6,3,3.0,win,,,,,,,,,,,,,,,,,,,,,,,2022,2021-22,div1,Frank Phillips,frankphillipscollege,kalebscull4la8,Kaleb Scull
Feb 11,home,McCook,L,16-4,16,4,12.0,win,20220211_o0ic,1,1,1,,1,,0,,,,,,,,3,1,,,,,1,2022,2021-22,div1,Frank Phillips,frankphillipscollege,kalebscull4la8,Kaleb Scull
Feb 15,home,Garden City,W,16-9,16,9,7.0,win,20220215_7xuj,3,1,2,,2,,4,1,1,,,1,1,,6,2,,,,,6,2022,2021-22,div1,Frank Phillips,frankphillipscollege,kalebscull4la8,Kaleb Scull
Feb 18,home,Ranger,L,9-3,9,3,6.0,win,20220218_cd47,3,0,1,,,,0,,1,,,,,,1,0,1,,,,3,2022,2021-22,div1,Frank Phillips,frankphillipscollege,kalebscull4la8,Kaleb Scull
Feb 18,home,Ranger,L,10-8,10,8,2.0,win,20220218_wj93,2,1,0,,,,0,3,1,,,,,,0,0,,,1,,5,2022,2021-22,div1,Frank Phillips,frankphillipscollege,kalebscull4la8,Kaleb Scull
Feb 19,home,Ranger,W,11-3,11,3,8.0,win,20220219_gckq,5,0,1,,,,0,,2,,,,,,1,0,1,,,,5,2022,2021-22,div1,Frank Phillips,frankphillipscollege,kalebscull4la8,Kaleb Scull
Feb 19,home,Ranger,L,11-9,11,9,2.0,win,20220219_5woi,4,2,2,1,,,0,,1,,,,,,3,1,,,1,,4,2022,2021-22,div1,Frank Phillips,frankphillipscollege,kalebscull4la8,Kaleb Scull
Mar 1,home,Lamar,W,13-2,13,2,11.0,win,20220301_2u4j,5,1,3,1,,,4,,,,,,,,4,1,,1,1,1.00,5,2022,2021-22,div1,Frank Phillips,frankphillipscollege,kalebscull4la8,Kaleb Scull
Mar 5,home,Vernon,L,10-3,10,3,7.0,win,20220305_bqe2,2,0,1,1,,,0,2,,,,,,,2,1,,,1,,4,2022,2021-22,div1,Frank Phillips,frankphillipscollege,kalebscull4la8,Kaleb Scull
Mar 5,home,Vernon,W,14-10,14,10,4.0,win,20220305_623c,5,1,3,,,1,4,,1,,,1,,,6,1,1,,1,,6,2022,2021-22,div1,Frank Phillips,frankphillipscollege,kalebscull4la8,Kaleb Scull
Mar 8,home,Seward County,L,9-8,9,8,1.0,win,20220308_gvzu,4,1,1,,,,0,,2,,,1,,,1,0,,,1,,5,2022,2021-22,div1,Frank Phillips,frankphillipscollege,kalebscull4la8,Kaleb Scull
Mar 12,home,Western Texas,L,12-1,12,1,11.0,win,20220312_hkaa,1,0,0,,,,0,1,1,,,,,,0,0,,,,,2,2022,2021-22,div1,Frank Phillips,frankphillipscollege,kalebscull4la8,Kaleb Scull
Mar 12,home,Western Texas,L,10-4,10,4,6.0,win,20220312_gfwh,4,0,1,,,,0,1,1,,,,,,1,0,,,,,5,2022,2021-22,div1,Frank Phillips,frankphillipscollege,kalebscull4la8,Kaleb Scull
Mar 13,home,Western Texas,W,11-10,11,10,1.0,win,20220313_twr4,2,1,1,,,1,2,,1,,,,1,1,4,1,,,,,4,2022,2021-22,div1,Frank Phillips,frankphillipscollege,kalebscull4la8,Kaleb Scull
Mar 13,home,Western Texas,W,10-8,10,8,2.0,win,20220313_2qsp,4,2,1,,,,0,1,,,,,,,1,0,,,2,,5,2022,2021-22,div1,Frank Phillips,frankphillipscollege,kalebscull4la8,Kaleb Scull
Mar 16,home,Trinidad State,L,9-8,9,8,1.0,win,20220316_9xuw,5,1,1,,1,,1,,2,,,,,,3,1,,1,1,1.00,5,2022,2021-22,div1,Frank Phillips,frankphillipscollege,kalebscull4la8,Kaleb Scull
Mar 18,home,El Paso,L,2-1,2,1,1.0,win,20220318_ewe1,3,0,2,,,,1,,1,,,,,,2,0,,,,,3,2022,2021-22,div1,Frank Phillips,frankphillipscollege,kalebscull4la8,Kaleb Scull
Mar 18,home,El Paso,W,13-9,13,9,4.0,win,20220318_f6ab,5,2,2,,,1,3,1,1,,,,,,5,1,,1,1,1.00,6,2022,2021-22,div1,Frank Phillips,frankphillipscollege,kalebscull4la8,Kaleb Scull
Mar 19,home,El Paso,L,5-3,5,3,2.0,win,20220319_5pno,3,0,0,,,,0,,2,,,,,,0,0,,1,,,3,2022,2021-22,div1,Frank Phillips,frankphillipscollege,kalebscull4la8,Kaleb Scull
Mar 19,home,El Paso,L,6-5,6,5,1.0,win,20220319_15nl,4,0,1,1,,,1,,,,,,,,2,1,,,2,,4,2022,2021-22,div1,Frank Phillips,frankphillipscollege,kalebscull4la8,Kaleb Scull
Mar 23,home,Lamar,W,12-2,12,2,10.0,win,20220323_40c6,2,2,1,1,,,0,,1,,,1,,,2,1,,,,,3,2022,2021-22,div1,Frank Phillips,frankphillipscollege,kalebscull4la8,Kaleb Scull
Mar 23,home,Lamar,W,18-17,18,17,1.0,win,20220323_d7sv,4,1,2,1,,,2,1,1,,,,,,3,1,,,1,,5,2022,2021-22,div1,Frank Phillips,frankphillipscollege,kalebscull4la8,Kaleb Scull
Mar 25,home,New Mexico,L,3-0,3,0,3.0,win,20220325_9g0k,3,0,0,,,,0,,1,,,,,,0,0,,,2,,3,2022,2021-22,div1,Frank Phillips,frankphillipscollege,kalebscull4la8,Kaleb Scull
Mar 25,home,New Mexico,L,4-3,4,3,1.0,win,20220325_pry3,4,0,1,,,,1,,,,,,,1,1,0,,1,2,0.50,5,2022,2021-22,div1,Frank Phillips,frankphillipscollege,kalebscull4la8,Kaleb Scull
Mar 26,home,New Mexico,L,13-8,13,8,5.0,win,20220326_bz6k,3,1,1,,,,1,,1,,,1,,,1,0,,,1,,4,2022,2021-22,div1,Frank Phillips,frankphillipscollege,kalebscull4la8,Kaleb Scull
Mar 26,home,New Mexico,L,5-1,5,1,4.0,win,20220326_h2gf,4,0,1,,,,0,,,,,,,,1,0,,,,,4,2022,2021-22,div1,Frank Phillips,frankphillipscollege,kalebscull4la8,Kaleb Scull
Apr 1,home,Howard (TX),L,4-0,4,0,4.0,win,20220401_6xwp,3,0,0,,,,0,,1,,,,,,0,0,,,2,,3,2022,2021-22,div1,Frank Phillips,frankphillipscollege,kalebscull4la8,Kaleb Scull
Apr 1,home,Howard (TX),L,12-2,12,2,10.0,win,20220401_p1ex,3,0,0,,,,0,1,,1,,,,,0,0,,1,2,0.50,4,2022,2021-22,div1,Frank Phillips,frankphillipscollege,kalebscull4la8,Kaleb Scull
Apr 2,home,Howard (TX),W,3-2,3,2,1.0,win,20220402_eybq,3,0,1,1,,,0,,1,,,,,,2,1,,,,,3,2022,2021-22,div1,Frank Phillips,frankphillipscollege,kalebscull4la8,Kaleb Scull
Apr 2,home,Howard (TX),L,15-11,15,11,4.0,win,,,,,,,,,,,,,,,,,,,,,,,2022,2021-22,div1,Frank Phillips,frankphillipscollege,kalebscull4la8,Kaleb Scull
Apr 5,home,Western Oklahoma State,L,9-8,9,8,1.0,win,20220405_2jo8,4,1,1,,,,0,1,1,,,,,,1,0,1,2,,,5,2022,2021-22,div1,Frank Phillips,frankphillipscollege,kalebscull4la8,Kaleb Scull
Apr 8,home,Odessa,W,13-4,13,4,9.0,win,20220408_mf5u,4,0,1,,,,1,,,,,,,,1,0,,,3,,4,2022,2021-22,div1,Frank Phillips,frankphillipscollege,kalebscull4la8,Kaleb Scull
Apr 8,home,Odessa,L,8-7,8,7,1.0,win,20220408_bs5k,5,0,0,,,,0,,1,,,,,,0,0,,1,1,1.00,5,2022,2021-22,div1,Frank Phillips,frankphillipscollege,kalebscull4la8,Kaleb Scull
Apr 9,home,Odessa,L,9-5,9,5,4.0,win,20220409_g2v2,4,0,2,,1,,0,,,,,,,,4,1,,1,1,1.00,4,2022,2021-22,div1,Frank Phillips,frankphillipscollege,kalebscull4la8,Kaleb Scull
Apr 9,home,Odessa,L,16-13,16,13,3.0,win,20220409_y231,4,0,2,,,,3,1,,,,,,,2,0,,,1,,5,2022,2021-22,div1,Frank Phillips,frankphillipscollege,kalebscull4la8,Kaleb Scull
Apr 14,home,Midland,W,4-3,4,3,1.0,win,20220414_j9m6,3,0,0,,,,1,,1,,,1,,,0,0,,1,1,1.00,4,2022,2021-22,div1,Frank Phillips,frankphillipscollege,kalebscull4la8,Kaleb Scull
Apr 14,home,Midland,L,7-4,7,4,3.0,win,20220414_cpua,3,0,0,,,,0,,,,,1,,,0,0,1,3,,,4,2022,2021-22,div1,Frank Phillips,frankphillipscollege,kalebscull4la8,Kaleb Scull
Apr 15,home,Midland,L,8-1,8,1,7.0,win,20220415_j7px,1,0,0,,,,0,2,1,,1,,,,0,0,,,,,3,2022,2021-22,div1,Frank Phillips,frankphillipscollege,kalebscull4la8,Kaleb Scull
Apr 15,home,Midland,L,19-13,19,13,6.0,win,20220415_fadn,5,0,2,1,,,1,,2,,,,,,3,1,,1,,,5,2022,2021-22,div1,Frank Phillips,frankphillipscollege,kalebscull4la8,Kaleb Scull
Apr 19,home,Western Oklahoma State,W,9-7,9,7,2.0,win,20220419_tpy4,5,0,1,,,,0,,,,,,,,1,0,,2,1,2.00,5,2022,2021-22,div1,Frank Phillips,frankphillipscollege,kalebscull4la8,Kaleb Scull
Apr 23,home,New Mexico Military,L,8-6,8,6,2.0,win,20220423_4k85,4,0,2,,1,,1,,2,,,,,,4,1,,,,,4,2022,2021-22,div1,Frank Phillips,frankphillipscollege,kalebscull4la8,Kaleb Scull
Apr 23,home,New Mexico Military,W,12-7,12,7,5.0,win,20220423_uvvb,6,1,2,,,1,1,2,,,,1,,1,5,1,,,,,10,2022,2021-22,div1,Frank Phillips,frankphillipscollege,kalebscull4la8,Kaleb Scull
Apr 24,home,New Mexico Military,L,13-3,13,3,10.0,win,,,,,,,,,,,,,,,,,,,,,,,2022,2021-22,div1,Frank Phillips,frankphillipscollege,kalebscull4la8,Kaleb Scull
Apr 24,home,New Mexico Military,L,7-5,7,5,2.0,win,,,,,,,,,,,,,,,,,,,,,,,2022,2021-22,div1,Frank Phillips,frankphillipscollege,kalebscull4la8,Kaleb Scull
Apr 26,home,Garden City,L,9-5,9,5,4.0,win,,,,,,,,,,,,,,,,,,,,,,,2022,2021-22,div1,Frank Phillips,frankphillipscollege,kalebscull4la8,Kaleb Scull
Apr 29,home,Clarendon,W,7-6,7,6,1.0,win,20220429_45us,1,0,0,,,,0,2,1,,,1,,,0,0,,,,,4,2022,2021-22,div1,Frank Phillips,frankphillipscollege,kalebscull4la8,Kaleb Scull
Apr 29,home,Clarendon,W,13-3,13,3,10.0,win,20220429_d1zi,3,0,0,,,,0,,2,,,1,,,0,0,,,1,,4,2022,2021-22,div1,Frank Phillips,frankphillipscollege,kalebscull4la8,Kaleb Scull
Apr 30,home,Clarendon,W,11-3,11,3,8.0,win,20220430_id3h,2,3,1,,1,,1,2,1,,,,,,3,1,,,,,4,2022,2021-22,div1,Frank Phillips,frankphillipscollege,kalebscull4la8,Kaleb Scull
Apr 30,home,Clarendon,W,8-6,8,6,2.0,win,20220430_4n4j,5,1,2,,1,,1,,2,,,,,,4,1,,,,,5,2022,2021-22,div1,Frank Phillips,frankphillipscollege,kalebscull4la8,Kaleb Scull
May 2,home,Trinidad State,,,,,2.0,win,,,,,,,,,,,,,,,,,,,,,,,2022,2021-22,div1,Frank Phillips,frankphillipscollege,kalebscull4la8,Kaleb Scull
