date,location,opponent,result,score,team_score,opp_score,game_score_diff,game_win_loss,game_id,AB,R,H,2B,3B,HR,RBI,BB,K,SB,CS,HBP,SF,SH,TB,XBH,HDP,GO,FO,GO/FO,PA,season,njcaa_season,njcaa_division,team,team_id,player_id,player_name
Jan 27,home,USC Salkehatchie,W,22-1,22,1,21,win,20230127_s0zq,4,2,2,1,,,0,,1,,,,,,3,1,,,1,,4,2023,2022-23,div1,Walters State,waltersstatecommunitycollege,coopertorresk57l,Cooper Torres
Jan 28,home,USC Salkehatchie,W,16-0,16,0,16,win,20230128_nqp6,0,1,0,,,,0,2,,,,1,,,0,0,,,,,3,2023,2022-23,div1,Walters State,waltersstatecommunitycollege,coopertorresk57l,Cooper Torres
Jan 28,home,USC Salkehatchie,W,18-4,18,4,14,win,20230128_egi7,2,0,0,,,,0,,1,,,,,,0,0,,,,,2,2023,2022-23,div1,Walters State,waltersstatecommunitycollege,coopertorresk57l,Cooper Torres
Feb 5,home,Gaston College,W,4-1,4,1,3,win,20230205_mof6,2,0,1,,,,0,2,,,,,,,1,0,,1,,,4,2023,2022-23,div1,Walters State,waltersstatecommunitycollege,coopertorresk57l,Cooper Torres
Feb 7,home,USC Union,W,11-1,11,1,10,win,20230207_6ggj,2,1,1,,,,0,1,,1,,,,,1,0,1,1,,,3,2023,2022-23,div1,Walters State,waltersstatecommunitycollege,coopertorresk57l,Cooper Torres
Feb 12,home,Chipola,W,9-2,9,2,7,win,20230212_b4ue,4,2,2,,,1,2,,1,,,,,,5,1,,,1,,4,2023,2022-23,div1,Walters State,waltersstatecommunitycollege,coopertorresk57l,Cooper Torres
Feb 12,home,Wallace-Dothan,W,9-5,9,5,4,win,20230212_4qjy,3,1,2,1,,,0,1,,,1,,,,3,1,,1,,,4,2023,2022-23,div1,Walters State,waltersstatecommunitycollege,coopertorresk57l,Cooper Torres
Feb 13,home,Chipola,W,2-1,2,1,1,win,20230213_nxgm,3,0,0,,,,0,,1,,,,,,0,0,,2,,,3,2023,2022-23,div1,Walters State,waltersstatecommunitycollege,coopertorresk57l,Cooper Torres
Feb 18,home,Muskegon,W,14-4,14,4,10,win,20230218_u7r9,4,2,1,,,,1,,,1,,,,,1,0,,,2,,4,2023,2022-23,div1,Walters State,waltersstatecommunitycollege,coopertorresk57l,Cooper Torres
Feb 18,home,Muskegon,W,12-5,12,5,7,win,20230218_8h97,1,1,1,,,1,3,,,,,,,,4,1,,,,,1,2023,2022-23,div1,Walters State,waltersstatecommunitycollege,coopertorresk57l,Cooper Torres
Feb 19,home,Patrick & Henry,W,8-4,8,4,4,win,20230219_z42l,3,1,1,,,1,1,,,,,1,,,4,1,,1,1,1.00,4,2023,2022-23,div1,Walters State,waltersstatecommunitycollege,coopertorresk57l,Cooper Torres
Feb 19,home,Patrick & Henry,W,10-4,10,4,6,win,20230219_q9qq,2,3,1,,,1,2,2,,1,,,,,4,1,,,,,4,2023,2022-23,div1,Walters State,waltersstatecommunitycollege,coopertorresk57l,Cooper Torres
Feb 24,home,Roane State,W,10-0,10,0,10,win,20230224_3mb0,2,0,0,,,,0,1,,,,,,,0,0,,1,1,1.00,3,2023,2022-23,div1,Walters State,waltersstatecommunitycollege,coopertorresk57l,Cooper Torres
Feb 24,home,Roane State,W,4-1,4,1,3,win,20230224_abew,2,1,0,,,,0,1,1,1,1,,,,0,0,,1,,,3,2023,2022-23,div1,Walters State,waltersstatecommunitycollege,coopertorresk57l,Cooper Torres
Mar 5,home,Motlow State,W,21-13,21,13,8,win,20230305_84ax,5,4,2,,,,1,2,1,2,,,,,2,0,,2,,,7,2023,2022-23,div1,Walters State,waltersstatecommunitycollege,coopertorresk57l,Cooper Torres
Mar 6,home,Motlow State,W,12-2,12,2,10,win,20230306_t7xl,4,2,2,,,1,2,,,,,,,,5,1,,2,,,4,2023,2022-23,div1,Walters State,waltersstatecommunitycollege,coopertorresk57l,Cooper Torres
Mar 7,home,Southwest Virginia,W,16-0,16,0,16,win,20230307_ksy5,3,3,0,,,,0,2,1,1,,,,,0,0,,,,,5,2023,2022-23,div1,Walters State,waltersstatecommunitycollege,coopertorresk57l,Cooper Torres
Mar 8,home,USC Union,W,8-4,8,4,4,win,20230308_qdbk,3,2,2,1,,1,2,1,,,,,,,6,2,,,1,,4,2023,2022-23,div1,Walters State,waltersstatecommunitycollege,coopertorresk57l,Cooper Torres
Mar 8,home,USC Union,W,11-3,11,3,8,win,20230308_0ylp,0,1,0,,,,0,1,,,,,,,0,0,,,,,1,2023,2022-23,div1,Walters State,waltersstatecommunitycollege,coopertorresk57l,Cooper Torres
Mar 10,home,Chattanooga State,W,18-7,18,7,11,win,20230310_2fbi,7,1,3,3,,,3,,,,,,,,6,3,,2,2,1.00,7,2023,2022-23,div1,Walters State,waltersstatecommunitycollege,coopertorresk57l,Cooper Torres
Mar 11,home,Chattanooga State,W,13-8,13,8,5,win,20230311_ek12,5,2,4,,,1,1,,,1,,,,,7,1,,,1,,5,2023,2022-23,div1,Walters State,waltersstatecommunitycollege,coopertorresk57l,Cooper Torres
Mar 16,home,Potomac State,W,2-1,2,1,1,win,20230316_09bg,2,0,0,,,,0,,2,,,,,1,0,0,,,,,3,2023,2022-23,div1,Walters State,waltersstatecommunitycollege,coopertorresk57l,Cooper Torres
Mar 16,home,Potomac State,W,6-1,6,1,5,win,20230316_ajg4,0,0,0,,,,0,,,,,,,,0,0,,,,,0,2023,2022-23,div1,Walters State,waltersstatecommunitycollege,coopertorresk57l,Cooper Torres
Mar 18,home,Jackson State,W,10-9,10,9,1,win,20230318_hhzk,3,2,2,,,,0,,1,,,2,,,2,0,,,,,5,2023,2022-23,div1,Walters State,waltersstatecommunitycollege,coopertorresk57l,Cooper Torres
Mar 18,home,Jackson State,W,10-0,10,0,10,win,20230318_cxli,3,2,2,,1,,0,,,,,,,,4,1,,1,,,3,2023,2022-23,div1,Walters State,waltersstatecommunitycollege,coopertorresk57l,Cooper Torres
Mar 19,home,Jackson State,W,7-1,7,1,6,win,20230319_z9cq,4,1,2,1,,,1,1,1,1,,,,,3,1,,1,,,5,2023,2022-23,div1,Walters State,waltersstatecommunitycollege,coopertorresk57l,Cooper Torres
Mar 24,home,Southwest Tennessee,W,20-10,20,10,10,win,20230324_6azs,2,2,0,,,,0,1,,1,,,,,0,0,,2,,,3,2023,2022-23,div1,Walters State,waltersstatecommunitycollege,coopertorresk57l,Cooper Torres
Mar 25,home,Southwest Tennessee,W,20-10,20,10,10,win,20230325_ovhc,4,0,0,,,,0,1,2,,,,,,0,0,,1,1,1.00,5,2023,2022-23,div1,Walters State,waltersstatecommunitycollege,coopertorresk57l,Cooper Torres
Mar 25,home,Southwest Tennessee,W,9-5,9,5,4,win,20230325_si9f,2,3,2,,,2,4,,,1,,1,,,8,2,,,,,3,2023,2022-23,div1,Walters State,waltersstatecommunitycollege,coopertorresk57l,Cooper Torres
Apr 1,home,Volunteer State,W,4-3,4,3,1,win,20230401_g3s9,4,1,1,,,,0,,3,,,,,,1,0,,,,,4,2023,2022-23,div1,Walters State,waltersstatecommunitycollege,coopertorresk57l,Cooper Torres
Apr 2,home,Volunteer State,W,6-2,6,2,4,win,20230402_genk,2,1,1,,,1,1,1,1,1,,,,,4,1,,,,,3,2023,2022-23,div1,Walters State,waltersstatecommunitycollege,coopertorresk57l,Cooper Torres
Apr 6,home,Roane State,W,10-0,10,0,10,win,20230406_rgp7,3,1,1,,,,0,,2,1,,,,,1,0,,,,,3,2023,2022-23,div1,Walters State,waltersstatecommunitycollege,coopertorresk57l,Cooper Torres
Apr 6,home,Roane State,W,11-1,11,1,10,win,20230406_2wjs,3,3,2,,,,1,1,1,2,,,,,2,0,,,,,4,2023,2022-23,div1,Walters State,waltersstatecommunitycollege,coopertorresk57l,Cooper Torres
Apr 10,home,King University JV,W,11-3,11,3,8,win,20230410_najr,3,1,0,,,,1,,3,,,2,,,0,0,,,,,5,2023,2022-23,div1,Walters State,waltersstatecommunitycollege,coopertorresk57l,Cooper Torres
Apr 11,home,Patrick & Henry,W,5-4,5,4,1,win,20230411_xn00,3,0,0,,,,0,,,,,,,,0,0,,2,1,2.00,3,2023,2022-23,div1,Walters State,waltersstatecommunitycollege,coopertorresk57l,Cooper Torres
Apr 14,home,Cleveland State,W,11-2,11,2,9,win,20230414_uw6e,2,3,0,,,,0,,2,1,,3,,,0,0,,,,,5,2023,2022-23,div1,Walters State,waltersstatecommunitycollege,coopertorresk57l,Cooper Torres
Apr 15,home,Cleveland State,W,16-1,16,1,15,win,20230415_phm8,1,2,1,,,,1,1,,,,,,,1,0,,,,,2,2023,2022-23,div1,Walters State,waltersstatecommunitycollege,coopertorresk57l,Cooper Torres
Apr 26,home,Gaston College,W,9-7,9,7,2,win,20230426_srmp,5,1,2,1,,,2,,2,,,,,,3,1,,,1,,5,2023,2022-23,div1,Walters State,waltersstatecommunitycollege,coopertorresk57l,Cooper Torres
Apr 28,home,Columbia State,W,21-7,21,7,14,win,20230428_xc09,2,1,1,,,,0,,,,,1,,,1,0,,,1,,3,2023,2022-23,div1,Walters State,waltersstatecommunitycollege,coopertorresk57l,Cooper Torres
Apr 29,home,Columbia State,W,16-13,16,13,3,win,20230429_mmye,4,0,0,,,,0,,2,,,,,,0,0,,,2,,4,2023,2022-23,div1,Walters State,waltersstatecommunitycollege,coopertorresk57l,Cooper Torres
Apr 29,home,Columbia State,W,6-1,6,1,5,win,20230429_n70k,2,2,1,,,,0,1,1,,,1,,,1,0,,,,,4,2023,2022-23,div1,Walters State,waltersstatecommunitycollege,coopertorresk57l,Cooper Torres
May 9,home,Roane State,W,11-1,11,1,10,win,20230509_32ql,2,2,1,1,,,0,2,,,,,,,2,1,,,1,,4,2023,2022-23,div1,Walters State,waltersstatecommunitycollege,coopertorresk57l,Cooper Torres
May 10,home,Dyersburg State,W,6-4,6,4,2,win,20230510_jums,4,2,1,1,,,1,,2,,,1,,,2,1,,,1,,5,2023,2022-23,div1,Walters State,waltersstatecommunitycollege,coopertorresk57l,Cooper Torres
