date,location,opponent,result,score,team_score,opp_score,game_score_diff,game_win_loss,game_id,AB,R,H,2B,3B,HR,RBI,BB,K,SB,CS,HBP,SF,SH,TB,XBH,HDP,GO,FO,GO/FO,PA,season,njcaa_season,njcaa_division,team,team_id,player_id,player_name
Feb 6,home,Marion Military,W,3-1,3,1,2,win,20230206_1yh8,2,1,1,,,,0,,,1,,1,,,1,0,,,,,3,2023,2022-23,div1,Wallace-Selma,wallacecommunitycollegeselma,justinwilfordymnm,Justin Wilford
Feb 20,home,Point University J.V.,W,11-5,11,5,6,win,20230220_wfgd,4,2,2,,,,1,,,,1,,,,2,0,,,,,4,2023,2022-23,div1,Wallace-Selma,wallacecommunitycollegeselma,justinwilfordymnm,Justin Wilford
Feb 23,home,Stillman College J.V.,W,13-5,13,5,8,win,20230223_dwju,3,1,1,1,,,0,2,,,,,,,2,1,,,,,5,2023,2022-23,div1,Wallace-Selma,wallacecommunitycollegeselma,justinwilfordymnm,Justin Wilford
Feb 23,home,Stillman College J.V.,W,9-1,9,1,8,win,20230223_vspc,4,1,2,,,,0,,,,,,,,2,0,,,,,4,2023,2022-23,div1,Wallace-Selma,wallacecommunitycollegeselma,justinwilfordymnm,Justin Wilford
Feb 27,home,Huntingdon College J.V.,W,19-7,19,7,12,win,20230227_ejbw,4,1,2,1,,,1,1,1,1,,,,,3,1,,,,,5,2023,2022-23,div1,Wallace-Selma,wallacecommunitycollegeselma,justinwilfordymnm,Justin Wilford
Mar 4,home,Faulkner University J.V.,W,10-5,10,5,5,win,20230304_gc8d,5,2,1,,,,0,,,,,,,,1,0,,,,,5,2023,2022-23,div1,Wallace-Selma,wallacecommunitycollegeselma,justinwilfordymnm,Justin Wilford
Mar 4,home,Faulkner University J.V.,W,15-1,15,1,14,win,20230304_xytf,4,3,3,1,,,2,,,1,,,,,4,1,,,,,4,2023,2022-23,div1,Wallace-Selma,wallacecommunitycollegeselma,justinwilfordymnm,Justin Wilford
Mar 6,home,Shelton State,W,6-5,6,5,1,win,20230306_yxvl,5,1,1,,,,1,,1,,,,,,1,0,,,,,5,2023,2022-23,div1,Wallace-Selma,wallacecommunitycollegeselma,justinwilfordymnm,Justin Wilford
Mar 9,home,Coastal Alabama - Brewton,W,6-5,6,5,1,win,20230309_wpdx,2,0,0,,,,0,2,,,,,,,0,0,,,,,4,2023,2022-23,div1,Wallace-Selma,wallacecommunitycollegeselma,justinwilfordymnm,Justin Wilford
Mar 9,home,Coastal Alabama - Brewton,W,5-2,5,2,3,win,20230309_n9ua,4,0,2,,,,2,,,,,,,,2,0,,,,,4,2023,2022-23,div1,Wallace-Selma,wallacecommunitycollegeselma,justinwilfordymnm,Justin Wilford
Mar 11,home,Coastal Alabama - Brewton,W,7-6,7,6,1,win,20230311_8ywy,5,1,2,,,,1,,1,,,,,,2,0,,,,,5,2023,2022-23,div1,Wallace-Selma,wallacecommunitycollegeselma,justinwilfordymnm,Justin Wilford
Mar 16,home,Enterprise State,W,6-4,6,4,2,win,20230316_rht8,3,2,2,,,,1,1,,,,,,,2,0,,,,,4,2023,2022-23,div1,Wallace-Selma,wallacecommunitycollegeselma,justinwilfordymnm,Justin Wilford
Mar 18,home,Enterprise State,W,5-3,5,3,2,win,20230318_0j39,4,1,1,1,,,0,,,,,,,,2,1,,,,,4,2023,2022-23,div1,Wallace-Selma,wallacecommunitycollegeselma,justinwilfordymnm,Justin Wilford
Mar 18,home,Enterprise State,W,2-1,2,1,1,win,20230318_hgsu,3,0,0,,,,0,,,,,,,,0,0,,,,,3,2023,2022-23,div1,Wallace-Selma,wallacecommunitycollegeselma,justinwilfordymnm,Justin Wilford
Mar 20,home,Point University J.V.,W,12-0,12,0,12,win,20230320_rriy,3,3,2,,,,1,,,,,1,,,2,0,,,,,4,2023,2022-23,div1,Wallace-Selma,wallacecommunitycollegeselma,justinwilfordymnm,Justin Wilford
Mar 23,home,Bishop State,W,12-6,12,6,6,win,20230323_fc2n,4,2,2,,1,,3,,,,,,,,4,1,,,,,4,2023,2022-23,div1,Wallace-Selma,wallacecommunitycollegeselma,justinwilfordymnm,Justin Wilford
Mar 30,home,Spring Hill College J.V.,W,5-1,5,1,4,win,20230330_qsvt,3,1,2,,,,0,1,,,,,,,2,0,,,,,4,2023,2022-23,div1,Wallace-Selma,wallacecommunitycollegeselma,justinwilfordymnm,Justin Wilford
Mar 30,home,Spring Hill College J.V.,W,12-3,12,3,9,win,20230330_6rc0,4,1,2,,,1,3,,,,,,,,5,1,,,,,4,2023,2022-23,div1,Wallace-Selma,wallacecommunitycollegeselma,justinwilfordymnm,Justin Wilford
