date,location,opponent,result,score,team_score,opp_score,game_score_diff,game_win_loss,game_id,AB,R,H,2B,3B,HR,RBI,BB,K,SB,CS,HBP,SF,SH,TB,XBH,HDP,GO,FO,GO/FO,PA,season,njcaa_season,njcaa_division,team,team_id,player_id,player_name
Mar 7,home,West Virginia Wesleyan JV,W,11-0,11,0,11,win,20240307_40ma,5,2,2,1,0,0,0,0,1,0,0,0,0,0,3,1,,0,,,5,2024,2023-24,div2,Garrett,garrettcollege,chanceritcheyuofw,Chance Ritchey
Mar 10,home,Middlesex College,W,7-4,7,4,3,win,20240310_rd1p,4,0,1,0,0,0,1,0,2,0,0,0,0,0,1,0,,0,,,4,2024,2023-24,div2,Garrett,garrettcollege,chanceritcheyuofw,Chance Ritchey
Mar 14,home,Ocean County,W,15-5,15,5,10,win,20240314_l3ut,4,1,1,0,0,0,0,0,0,0,0,0,0,0,1,0,,0,,,4,2024,2023-24,div2,Garrett,garrettcollege,chanceritcheyuofw,Chance Ritchey
Mar 14,home,Ocean County,W,9-4,9,4,5,win,20240314_rqvi,3,1,1,1,0,0,0,1,1,1,0,0,0,0,2,1,,0,,,4,2024,2023-24,div2,Garrett,garrettcollege,chanceritcheyuofw,Chance Ritchey
Mar 18,home,Chesapeake,W,7-5,7,5,2,win,20240318_n053,3,0,0,,,,0,,1,,,,,,0,0,1,,,,3,2024,2023-24,div2,Garrett,garrettcollege,chanceritcheyuofw,Chance Ritchey
Mar 20,home,West Virgina Wesleyan JV,W,17-8,17,8,9,win,20240320_m0ks,2,1,1,1,,,3,1,,1,,1,1,,2,1,,,,,5,2024,2023-24,div2,Garrett,garrettcollege,chanceritcheyuofw,Chance Ritchey
Mar 20,home,West Virgina Wesleyan JV,W,12-6,12,6,6,win,20240320_a8z2,3,1,1,1,,,0,,1,,,,,1,2,1,,,,,4,2024,2023-24,div2,Garrett,garrettcollege,chanceritcheyuofw,Chance Ritchey
Mar 21,home,CC of Allegheny County,W,10-1,10,1,9,win,20240321_tprv,4,1,2,1,,,1,,,,,,,,3,1,,,,,4,2024,2023-24,div2,Garrett,garrettcollege,chanceritcheyuofw,Chance Ritchey
Mar 22,home,Anne Arundel,W,9-8,9,8,1,win,20240322_pnvy,3,2,2,1,,,1,,,,,,,1,3,1,,,,,4,2024,2023-24,div2,Garrett,garrettcollege,chanceritcheyuofw,Chance Ritchey
Mar 29,home,Hagerstown,W,8-4,8,4,4,win,20240329_rg02,2,1,0,,,,1,2,,1,,,,,0,0,,,,,4,2024,2023-24,div2,Garrett,garrettcollege,chanceritcheyuofw,Chance Ritchey
Mar 29,home,Hagerstown,W,15-13,15,13,2,win,20240329_kojf,3,1,2,,,,2,1,,,,,,,2,0,,,,,4,2024,2023-24,div2,Garrett,garrettcollege,chanceritcheyuofw,Chance Ritchey
Mar 30,home,Westmoreland,W,9-0,9,0,9,win,20240330_eb1v,2,0,0,,,,0,1,,,,,,,0,0,,,,,3,2024,2023-24,div2,Garrett,garrettcollege,chanceritcheyuofw,Chance Ritchey
Apr 6,home,Prince George's,W,9-4,9,4,5,win,20240406_ye7f,3,0,0,,,,0,1,2,,,,,,0,0,,,1,,4,2024,2023-24,div2,Garrett,garrettcollege,chanceritcheyuofw,Chance Ritchey
Apr 6,home,Prince George's,W,5-4,5,4,1,win,20240406_ufii,3,0,1,,,,0,,1,,,,,,1,0,,1,,,3,2024,2023-24,div2,Garrett,garrettcollege,chanceritcheyuofw,Chance Ritchey
Apr 9,home,Potomac State,W,1-0,1,0,1,win,20240409_vb3c,2,0,0,,,,0,,,,,,,,0,0,,1,1,1.00,2,2024,2023-24,div2,Garrett,garrettcollege,chanceritcheyuofw,Chance Ritchey
Apr 9,home,Potomac State,W,9-2,9,2,7,win,20240409_rbn7,2,1,1,1,,,1,1,,,,,,,2,1,,1,,,3,2024,2023-24,div2,Garrett,garrettcollege,chanceritcheyuofw,Chance Ritchey
Apr 15,home,Allegany Maryland,W,7-6,7,6,1,win,20240415_tm19,3,1,2,,,,0,,,,,,,,2,0,,,,,3,2024,2023-24,div2,Garrett,garrettcollege,chanceritcheyuofw,Chance Ritchey
Apr 15,home,Allegany Maryland,W,11-3,11,3,8,win,20240415_6jav,3,2,2,,,,2,,1,,,,,,2,0,,,,,3,2024,2023-24,div2,Garrett,garrettcollege,chanceritcheyuofw,Chance Ritchey
Apr 17,home,Penn State Fayette,W,15-6,15,6,9,win,20240417_qi4z,5,2,3,1,,,3,,,1,,,,,4,1,,,,,5,2024,2023-24,div2,Garrett,garrettcollege,chanceritcheyuofw,Chance Ritchey
Apr 19,home,CC of Allegheny County,W,21-7,21,7,14,win,20240419_oway,3,1,1,1,,,1,,,,,,,,2,1,,,,,3,2024,2023-24,div2,Garrett,garrettcollege,chanceritcheyuofw,Chance Ritchey
