date,location,opponent,result,score,team_score,opp_score,game_score_diff,game_win_loss,game_id,AB,R,H,2B,3B,HR,RBI,BB,K,SB,CS,HBP,SF,SH,TB,XBH,HDP,GO,FO,GO/FO,PA,season,njcaa_season,njcaa_division,team,team_id,player_id,player_name
Feb 2,home,Lincoln Trail,W,9-8,9,8,1,win,20240202_8iaz,4,0,0,,,,0,,,,1,,,,0,0,,2,2,1.00,4,2024,2023-24,div1,Northwest-Shoals Community College,northwestshoalscommunitycollege,hayesharrison195f,Hayes Harrison
Feb 3,home,Lincoln Trail,W,11-6,11,6,5,win,20240203_qote,1,0,1,,,,0,,,,,,,,1,0,,1,,,1,2024,2023-24,div1,Northwest-Shoals Community College,northwestshoalscommunitycollege,hayesharrison195f,Hayes Harrison
Feb 14,home,Freed-Hardeman JV,W,4-1,4,1,3,win,20240214_g88z,1,0,0,,,,0,,,,,,,,0,0,,,,,1,2024,2023-24,div1,Northwest-Shoals Community College,northwestshoalscommunitycollege,hayesharrison195f,Hayes Harrison
Feb 14,home,Freed-Hardeman JV,W,11-2,11,2,9,win,20240214_wtmw,1,1,1,,,,0,,,,,,,,1,0,,,,,1,2024,2023-24,div1,Northwest-Shoals Community College,northwestshoalscommunitycollege,hayesharrison195f,Hayes Harrison
Feb 16,home,Mineral Area,W,10-9,10,9,1,win,20240216_os0h,3,2,1,,,,1,1,,,,1,,,1,0,,,,,5,2024,2023-24,div1,Northwest-Shoals Community College,northwestshoalscommunitycollege,hayesharrison195f,Hayes Harrison
Feb 16,home,Mineral Area,W,6-4,6,4,2,win,20240216_py7z,3,1,2,,,,1,,1,,,,,,2,0,,,,,3,2024,2023-24,div1,Northwest-Shoals Community College,northwestshoalscommunitycollege,hayesharrison195f,Hayes Harrison
Feb 27,home,Marion Military,W,8-2,8,2,6,win,20240227_5l86,4,1,2,2,,,0,,,,,,,,4,2,,,,,4,2024,2023-24,div1,Northwest-Shoals Community College,northwestshoalscommunitycollege,hayesharrison195f,Hayes Harrison
Feb 27,home,Marion Military,W,8-4,8,4,4,win,20240227_skct,0,0,0,,,,0,,,,,,,,0,0,,,,,0,2024,2023-24,div1,Northwest-Shoals Community College,northwestshoalscommunitycollege,hayesharrison195f,Hayes Harrison
Mar 2,home,Itawamba,W,6-4,6,4,2,win,20240302_1bon,1,1,1,,,,0,,,,,,,,1,0,,,,,1,2024,2023-24,div1,Northwest-Shoals Community College,northwestshoalscommunitycollege,hayesharrison195f,Hayes Harrison
Mar 7,home,Lawson State,W,13-2,13,2,11,win,20240307_k40h,2,1,0,,,,0,1,,,,,,,0,0,,,,,3,2024,2023-24,div1,Northwest-Shoals Community College,northwestshoalscommunitycollege,hayesharrison195f,Hayes Harrison
Mar 7,home,Lawson State,W,8-4,8,4,4,win,20240307_meet,2,1,1,,,,0,3,,,,,,,1,0,,,,,5,2024,2023-24,div1,Northwest-Shoals Community College,northwestshoalscommunitycollege,hayesharrison195f,Hayes Harrison
Mar 10,home,Lawson State,W,10-0,10,0,10,win,20240310_q50b,2,1,1,,,,3,2,1,,,,,,1,0,,,,,4,2024,2023-24,div1,Northwest-Shoals Community College,northwestshoalscommunitycollege,hayesharrison195f,Hayes Harrison
Mar 10,home,Lawson State,W,7-3,7,3,4,win,20240310_xnmi,3,0,0,,,,1,1,,,,,,,0,0,,,,,4,2024,2023-24,div1,Northwest-Shoals Community College,northwestshoalscommunitycollege,hayesharrison195f,Hayes Harrison
Mar 14,home,Coastal Alabama - South,W,5-3,5,3,2,win,20240314_7qis,1,0,0,,,,1,2,,,,,,1,0,0,,,,,4,2024,2023-24,div1,Northwest-Shoals Community College,northwestshoalscommunitycollege,hayesharrison195f,Hayes Harrison
Mar 16,home,Coastal Alabama - South,W,7-1,7,1,6,win,20240316_1c9v,4,1,1,,,,0,,,,,,,1,1,0,,,,,5,2024,2023-24,div1,Northwest-Shoals Community College,northwestshoalscommunitycollege,hayesharrison195f,Hayes Harrison
Mar 21,home,Gadsden State,W,5-2,5,2,3,win,20240321_9mam,2,1,1,,,1,2,,,,,,1,,4,1,,,,,3,2024,2023-24,div1,Northwest-Shoals Community College,northwestshoalscommunitycollege,hayesharrison195f,Hayes Harrison
Mar 21,home,Gadsden State,W,4-2,4,2,2,win,20240321_fp31,4,1,1,,,,0,,,,,,,,1,0,,,,,4,2024,2023-24,div1,Northwest-Shoals Community College,northwestshoalscommunitycollege,hayesharrison195f,Hayes Harrison
Mar 24,home,Gadsden State,W,11-4,11,4,7,win,20240324_c9q9,2,1,0,,,,1,1,,,,,1,,0,0,,,,,4,2024,2023-24,div1,Northwest-Shoals Community College,northwestshoalscommunitycollege,hayesharrison195f,Hayes Harrison
Mar 24,home,Gadsden State,W,16-1,16,1,15,win,20240324_bizq,4,2,3,,,,2,,,,,,1,,3,0,,,,,5,2024,2023-24,div1,Northwest-Shoals Community College,northwestshoalscommunitycollege,hayesharrison195f,Hayes Harrison
Apr 6,home,Snead State,W,5-4,5,4,1,win,20240406_nens,4,0,0,,,,0,1,,,,,,,0,0,,,,,5,2024,2023-24,div1,Northwest-Shoals Community College,northwestshoalscommunitycollege,hayesharrison195f,Hayes Harrison
Apr 11,home,Calhoun,W,4-3,4,3,1,win,20240411_gofm,2,0,2,,1,,2,,,1,,,,,4,1,,,,,2,2024,2023-24,div1,Northwest-Shoals Community College,northwestshoalscommunitycollege,hayesharrison195f,Hayes Harrison
Apr 11,home,Calhoun,W,10-1,10,1,9,win,20240411_dv71,3,3,2,,,,1,1,,,,,1,,2,0,,,,,5,2024,2023-24,div1,Northwest-Shoals Community College,northwestshoalscommunitycollege,hayesharrison195f,Hayes Harrison
Apr 13,home,Calhoun,W,7-6,7,6,1,win,20240413_pyka,4,1,1,,,,0,,,,,,,,1,0,,,,,4,2024,2023-24,div1,Northwest-Shoals Community College,northwestshoalscommunitycollege,hayesharrison195f,Hayes Harrison
Apr 13,home,Calhoun,W,9-4,9,4,5,win,20240413_q9r7,0,0,0,,,,0,1,,,,,,,0,0,,,,,1,2024,2023-24,div1,Northwest-Shoals Community College,northwestshoalscommunitycollege,hayesharrison195f,Hayes Harrison
Apr 18,home,Chattahoochee Valley,W,5-3,5,3,2,win,20240418_nqhb,4,1,1,,,,1,1,,,,,,,1,0,,,,,5,2024,2023-24,div1,Northwest-Shoals Community College,northwestshoalscommunitycollege,hayesharrison195f,Hayes Harrison
Apr 20,home,Chattahoochee Valley,W,6-1,6,1,5,win,20240420_vbvn,2,0,1,,,,0,1,,,,,,,1,0,,,,,3,2024,2023-24,div1,Northwest-Shoals Community College,northwestshoalscommunitycollege,hayesharrison195f,Hayes Harrison
Apr 20,home,Chattahoochee Valley,W,9-1,9,1,8,win,20240420_je55,4,0,2,2,,,0,1,,,,,,,4,2,,,,,5,2024,2023-24,div1,Northwest-Shoals Community College,northwestshoalscommunitycollege,hayesharrison195f,Hayes Harrison
Apr 23,home,Southwest Tennessee,W,13-11,13,11,2,win,20240423_plws,5,2,2,1,,,1,,,1,,,,,3,1,,,,,5,2024,2023-24,div1,Northwest-Shoals Community College,northwestshoalscommunitycollege,hayesharrison195f,Hayes Harrison
Apr 25,home,Wallace State,W,13-2,13,2,11,win,20240425_bglm,4,2,2,,,,0,,1,,,,,,2,0,,,,,4,2024,2023-24,div1,Northwest-Shoals Community College,northwestshoalscommunitycollege,hayesharrison195f,Hayes Harrison
Apr 27,home,Wallace State,W,6-0,6,0,6,win,20240427_i63i,3,1,1,1,,,0,,,,,,,,2,1,,,,,3,2024,2023-24,div1,Northwest-Shoals Community College,northwestshoalscommunitycollege,hayesharrison195f,Hayes Harrison
Apr 27,home,Wallace State,W,11-3,11,3,8,win,20240427_5chi,3,0,1,1,,,0,1,,,,,,,2,1,,,,,4,2024,2023-24,div1,Northwest-Shoals Community College,northwestshoalscommunitycollege,hayesharrison195f,Hayes Harrison
May 4,home,Shelton State,W,7-6,7,6,1,win,20240504_ablz,4,1,2,,,1,2,1,,,,,,,5,1,,,,,5,2024,2023-24,div1,Northwest-Shoals Community College,northwestshoalscommunitycollege,hayesharrison195f,Hayes Harrison
May 10,home,Nunez,W,15-3,15,3,12,win,20240510_igpo,4,1,2,1,,,3,,,,,,,,3,1,,,,,4,2024,2023-24,div1,Northwest-Shoals Community College,northwestshoalscommunitycollege,hayesharrison195f,Hayes Harrison
May 11,home,Coastal Alabama - South,W,14-6,14,6,8,win,20240511_qp9l,4,1,2,,,,1,,1,,,,,,2,0,,,,,4,2024,2023-24,div1,Northwest-Shoals Community College,northwestshoalscommunitycollege,hayesharrison195f,Hayes Harrison
